592
647
986
87
639
532
697
337
476
686
103
413
176
610
621
264
511
20
28
884
998
131
9
183
818
33
681
791
458
893
601
281
465
269
670
162
595
144
700
305
289
613
160
266
582
855
254
370
811
594
191
799
253
924
432
856
213
3
425
182
357
780
513
657
80
894
109
78
539
946
193
82
256
854
97
216
623
24
13
976
736
401
758
223
14
996
671
81
68
637
225
443
129
516
486
912
548
321
949
456
895
581
444
90
302
701
812
606
156
503
885
452
658
728
655
434
571
417
222
563
580
659
22
235
545
184
798
74
115
37
890
888
23
196
803
648
369
844
75
108
909
933
341
228
520
140
685
441
394
423
552
742
93
490
126
221
85
438
819
472
280
988
600
981
540
252
820
955
111
597
527
633
15
133
585
25
105
650
241
631
857
960
804
838
711
83
554
139
62
38
72
918
352
94
984
377
316
382
8
120
58
620
168
16
883
42
899
175
722
524
57
190
146
968
420
654
673
588
903
904
717
735
167
255
573
419
576
872
19
159
338
267
599
878
496
832
406
994
317
602
873
466
424
450
426
121
616
718
720
47
154
283
287
498
379
773
21
569
40
263
748
155
151
322
346
787
296
387
845
349
696
194
756
537
470
785
564
303
410
678
329
292
31
239
455
743
929
985
517
901
271
117
683
353
915
860
922
973
180
533
324
815
995
442
624
643
304
2
962
487
689
826
174
71
921
863
172
562
307
529
675
395
499
204
416
35
206
101
301
471
285
334
89
367
5
249
415
286
463
646
788
731
997
230
762
723
270
730
867
60
979
630
258
567
886
781
122
136
662
128
627
958
817
178
234
262
484
824
166
677
866
386
493
380
712
422
284
859
634
399
745
989
667
534
822
418
76
107
467
556
666
45
217
800
332
50
462
604
734
813
408
965
176
839
680
960
929
662
974
536
695
706
666
312
980
241
904
1
3
927
739
611
538
289
66
766
348
148
830
763
308
818
933
430
832
331
703
961
825
710
542
44
880
923
402
344
725
689
782
390
399
375
171
107
577
83
568
69
747
793
593
459
200
491
4
526
612
440
772
969
233
119
460
985
768
649
740
84
27
515
530
733
831
879
473
445
936
488
388
323
509
177
906
572
721
898
18
544
297
46
17
325
868
896
516
350
218
391
299
870
351
871
570
775
392
405
268
765
905
605
645
610
966
70
253
439
368
925
354
311
384
91
651
866
52
497
482
547
359
952
165
206
273
707
502
366
232
992
236
755
340
49
158
942
883
53
363
607
105
950
327
137
885
750
494
209
589
75
935
309
7
98
769
791
288
349
81
847
141
993
869
963
448
310
112
409
339
699
492
669
214
432
132
191
447
971
541
164
726
86
729
398
314
934
189
875
999
764
540
187
78
338
102
245
283
306
35
987
278
297
944
981
876
144
120
778
274
808
282
524
153
840
243
345
433
95
322
13
964
57
956
957
635
649
257
347
978
326
907
777
248
862
436
96
582
761
760
885
64
795
958
284
739
717
36
836
130
549
797
579
583
865
897
900
48
973
655
983
492
355
275
546
525
113
476
468
817
131
532
930
939
40
908
202
577
29
34
771
169
557
406
134
837
669
51
851
251
728
348
559
8
92
27
98
43
623
223
640
603
210
947
864
456
320
6
832
608
644
150
186
203
558
87
622
564
720
803
265
365
812
165
727
122
870
982
212
554
850
932
770
938
77
56
940
994
38
935
16
841
249
641
464
494
392
737
207
378
592
506
419
329
500
244
246
300
434
435
427
859
768
193
810
299
722
400
436
217
779
786
796
145
718
211
783
874
478
285
508
997
107
901
708
878
459
959
240
604
191
408
811
567
833
79
452
792
99
908
174
96
237
887
981
816
535
132
235
551
952
928
565
65
919
840
222
271
738
687
814
822
209
618
866
264
231
726
310
163
483
67
775
116
233
449
293
139
225
789
465
902
774
69
495
624
718
688
199
674
471
574
568
598
906
367
219
220
649
505
356
564
352
819
262
381
920
287
156
661
200
114
252
607
102
791
705
339
196
26
253
349
970
972
796
176
698
390
824
173
2
760
106
781
214
808
178
20
863
259
285
363
539
520
256
548
413
494
550
677
527
645
947
805
146
845
295
884
682
858
455
417
615
664
120
758
899
856
519
250
368
966
115
25
977
914
765
166
945
701
702
860
827
100
576
625
658
715
714
406
501
24
10
611
562
383
962
556
294
880
621
608
257
593
633
995
766
41
839
654
888
903
414
302
693
993
637
154
992
652
247
230
327
573
62
87
453
837
596
395
385
932
936
206
467
840
915
651
664
914
888
212
884
60
954
821
509
330
477
929
890
396
591
403
168
472
669
410
842
834
662
744
152
750
390
133
68
372
709
187
128
896
612
473
678
184
425
507
964
11
997
495
658
692
277
854
163
440
721
47
875
985
926
177
159
728
32
95
931
73
810
946
406
656
113
496
236
428
843
172
50
107
811
729
318
595
562
666
857
631
921
131
201
910
188
375
17
66
674
982
828
844
111
543
488
597
217
643
108
706
944
593
712
772
645
627
731
371
489
600
373
653
19
784
713
479
767
901
945
30
748
421
776
91
456
79
623
938
429
701
1
694
937
799
632
647
322
272
190
307
208
818
369
282
552
665
807
829
415
242
283
400
849
587
194
118
309
180
882
76
136
459
611
169
75
483
451
578
710
350
907
148
204
979
267
894
717
787
458
416
752
88
532
644
902
427
9
862
183
260
536
956
500
250
892
334
873
510
909
701
555
286
568
890
378
822
204
85
558
651
444
496
314
529
397
221
251
360
450
328
957
493
414
930
592
922
464
990
462
75
989
346
490
949
786
226
703
888
804
383
659
117
177
149
877
396
200
714
388
653
837
679
589
96
320
885
359
431
26
485
191
210
528
963
952
795
656
814
741
44
102
516
336
525
119
756
157
521
497
281
574
275
409
209
504
680
684
825
321
477
603
894
368
539
661
591
994
781
806
900
967
238
394
879
462
736
308
869
189
800
649
338
948
916
673
86
939
129
448
82
974
889
733
218
499
816
261
835
153
965
796
202
97
672
171
668
179
269
67
864
290
885
762
303
334
186
911
212
933
363
298
695
78
449
439
999
299
527
646
804
35
531
21
294
530
2
198
759
329
970
628
588
946
361
820
732
786
601
265
652
795
327
367
491
40
437
993
122
47
392
834
391
215
407
608
616
192
453
76
505
469
355
594
707
711
410
613
458
405
404
899
297
306
706
382
728
482
713
274
325
545
95
663
364
725
501
990
674
26
472
370
438
981
958
770
252
972
783
681
697
277
72
955
24
51
625
538
481
502
784
788
206
951
952
130
919
106
861
91
629
55
846
865
893
5
553
335
657
112
317
125
316
648
346
554
579
511
749
163
872
809
985
339
446
563
750
275
676
557
228
982
64
700
845
247
742
61
776
15
408
709
692
167
176
422
216
918
210
115
434
958
94
320
773
824
654
909
853
85
748
656
364
801
362
204
147
757
328
586
564
239
226
8
366
638
873
532
110
496
721
533
539
866
770
996
980
768
937
379
915
793
717
476
435
166
333
151
767
874
796
852
161
148
233
351
457
966
313
698
340
913
806
481
723
538
943
13
615
587
783
908
205
181
945
803
240
637
344
9
425
525
546
629
672
681
561
858
182
565
654
135
507
524
983
317
130
441
162
175
258
398
703
570
136
670
967
456
167
319
377
873
158
201
540
5
973
460
389
794
465
461
254
414
644
512
52
84
327
895
870
11
989
197
506
134
79
116
77
884
627
231
710
812
617
245
417
354
437
402
933
708
582
694
284
706
609
270
960
687
228
948
109
219
496
420
54
324
533
273
156
885
630
645
415
623
527
499
986
920
964
264
277
929
647
969
255
229
634
468
303
65
208
269
613
817
119
336
730
566
137
154
222
133
534
850
320
168
466
16
483
625
984
545
723
463
709
400
274
29
111
541
576
926
988
600
201
301
480
833
691
905
641
454
118
90
751
839
143
796
126
551
859
953
183
744
876
497
455
412
266
753
79
256
402
547
215
41
875
713
114
202
478
2
521
425
601
205
97
282
429
107
195
23
300
304
802
808
352
170
914
841
235
559
39
252
528
991
30
470
58
516
665
263
163
956
574
353
213
349
995
236
482
442
337
94
615
19
797
871
897
919
510
550
671
857
332
100
788
249
500
659
253
393
918
816
350
912
791
514
712
827
764
556
223
879
377
657
141
942
643
901
923
461
655
735
734
696
312
642
481
819
105
670
452
975
89
589
940
760
121
310
83
546
206
329
407
289
758
498
699
296
291
431
790
760
422
67
636
308
629
301
124
287
896
628
570
957
385
604
624
242
738
95
489
678
863
187
884
715
664
509
325
238
826
458
8
578
506
341
907
49
345
288
368
111
688
38
690
137
419
619
47
315
331
557
75
623
439
917
7
456
911
299
507
579
20
873
644
833
479
787
854
146
588
29
970
460
113
115
382
997
545
552
303
205
978
302
14
745
620
467
762
903
285
388
37
273
936
934
631
227
602
569
955
776
127
284
365
801
786
207
395
690
197
111
553
468
236
859
683
338
726
107
740
759
307
662
341
492
757
451
348
968
632
339
944
45
452
526
736
318
5
34
569
384
105
845
151
286
200
630
694
136
698
359
882
851
68
488
654
8
780
412
500
398
821
522
510
245
4
611
772
504
50
161
549
874
803
250
695
610
770
719
285
174
389
70
104
330
116
941
306
577
390
397
253
429
283
299
716
650
936
56
564
846
272
92
529
897
646
853
544
402
710
749
323
734
504
972
794
260
375
562
838
619
145
26
356
266
475
125
487
159
178
333
923
106
880
73
75
856
690
567
952
408
271
804
944
222
537
84
574
411
307
660
937
304
436
925
599
22
603
605
72
201
494
69
614
877
83
815
399
505
819
557
466
691
64
388
481
316
95
278
394
137
330
324
639
124
889
674
360
852
891
3
930
203
990
810
417
335
446
899
313
959
673
400
269
59
621
667
571
901
515
126
409
362
947
235
607
12
421
423
814
622
336
543
339
13
704
778
469
517
199
892
722
731
495
387
220
71
342
958
763
885
949
407
675
172
229
58
130
753
563
999
21
828
823
233
371
666
370
47
584
608
135
747
367
766
128
519
437
879
796
91
677
122
583
102
234
977
161
593
175
268
585
352
733
518
998
714
490
600
35
433
623
689
536
872
350
606
173
170
616
512
406
950
943
627
295
189
48
873
887
145
849
376
554
71
108
555
31
327
358
167
743
479
865
363
573
416
822
425
818
628
343
139
494
827
467
25
2
989
261
491
209
650
385
782
702
672
578
665
206
720
181
971
14
908
978
737
777
679
986
560
848
590
837
413
86
523
900
927
463
11
945
697
259
586
214
182
447
478
626
114
871
80
954
165
785
357
232
242
103
471
391
231
933
280
337
997
592
833
570
867
934
709
38
34
319
307
912
43
942
559
524
739
306
63
924
545
199
587
138
527
455
486
335
393
367
239
575
386
282
886
666
242
257
915
873
195
682
221
551
368
749
640
405
177
866
761
820
62
231
49
598
46
217
190
94
35
344
742
419
637
220
327
503
460
525
687
779
532
125
950
553
400
628
625
156
601
168
707
604
89
121
565
277
793
54
394
274
209
917
144
167
614
725
534
194
262
839
310
226
366
240
552
55
401
695
124
935
286
276
225
175
794
928
363
698
293
721
98
178
795
817
857
467
558
789
754
424
583
265
39
371
495
246
727
773
622
617
908
838
538
662
174
454
911
170
188
768
608
372
594
23
962
929
631
328
781
414
340
537
472
349
862
815
40
906
410
576
252
898
876
361
982
37
966
179
831
744
387
266
519
674
714
360
275
639
765
299
173
346
580
224
480
808
164
557
160
56
657
218
101
993
945
501
995
484
302
955
750
171
711
374
742
80
775
513
825
94
505
784
204
606
918
813
544
229
731
834
797
447
935
99
821
265
620
922
320
691
310
117
492
109
704
399
438
894
359
939
297
436
197
932
651
83
459
136
173
972
965
81
809
632
962
735
313
883
837
92
615
42
988
566
141
875
708
214
838
668
69
523
96
726
72
22
903
893
86
429
228
476
571
52
322
7
307
38
730
403
647
618
803
445
465
539
738
250
327
483
623
43
613
801
221
143
595
610
549
354
965
74
770
910
506
529
791
899
511
919
518
742
357
646
543
708
54
647
176
785
373
383
140
107
701
675
302
180
602
290
764
227
152
915
961
343
653
425
520
443
459
872
466
776
84
19
395
260
968
326
890
185
88
978
469
218
751
410
780
35
508
461
975
174
661
982
420
91
172
60
208
200
11
950
674
398
70
191
111
852
100
465
490
98
382
901
118
923
992
581
362
493
986
994
687
389
229
947
184
69
516
351
706
793
872
344
211
625
108
19
322
167
807
806
18
938
135
748
27
339
83
596
896
57
691
580
408
700
216
78
668
670
298
364
432
105
291
558
295
536
336
335
93
213
486
134
940
329
836
982
773
327
128
921
562
855
524
145
841
931
600
694
887
279
822
413
630
333
256
631
512
737
444
777
634
324
829
449
718
880
682
455
624
428
97
1
844
441
402
130
806
475
865
684
136
320
924
739
123
785
609
346
338
676
390
998
557
266
149
529
334
38
681
993
587
671
851
570
788
473
548
187
397
981
954
746
110
247
664
282
270
7
778
687
659
769
431
215
853
969
714
476
722
154
952
3
248
391
337
87
569
150
649
252
758
932
704
682
304
83
561
174
36
900
832
933
590
439
696
949
814
808
983
452
741
674
951
331
956
352
429
912
869
91
685
421
236
223
526
245
578
713
747
377
974
935
731
679
158
970
181
528
793
347
78
375
54
317
360
405
472
231
451
190
538
366
622
60
378
749
70
32
310
588
197
533
911
85
233
47
467
370
73
660
20
276
554
566
610
374
146
386
555
904
661
603
553
275
497
348
877
358
627
33
256
621
984
564
816
643
792
115
112
383
401
799
667
82
752
530
168
444
251
492
108
102
272
393
601
573
690
657
566
474
397
766
274
905
502
717
732
580
9
269
832
739
648
850
309
760
128
592
326
903
555
188
884
399
462
664
106
755
234
971
253
867
61
792
634
656
712
379
692
289
484
335
341
582
885
752
805
151
540
617
288
480
725
270
49
476
139
121
373
651
42
544
550
613
129
362
959
189
292
539
878
59
254
925
109
76
141
6
979
672
811
687
192
594
624
421
910
131
457
338
774
911
120
668
471
728
45
586
998
330
438
466
329
565
890
902
957
282
917
210
93
940
99
510
631
145
138
294
819
371
355
674
880
694
461
612
314
92
485
47
13
171
515
170
24
402
560
86
751
416
597
206
552
113
296
363
403
734
873
251
663
162
503
991
451
342
698
641
860
889
392
730
790
846
137
950
340
536
415
975
745
63
904
202
169
66
726
976
754
838
815
104
753
797
759
843
165
249
108
927
987
626
409
166
780
77
4
534
492
183
401
373
324
75
822
385
44
481
852
749
381
995
811
227
520
775
285
509
795
660
453
592
337
125
319
35
614
345
444
729
482
567
157
876
531
764
837
976
603
957
689
305
762
277
18
313
96
789
400
10
116
407
897
273
476
630
81
354
741
436
812
940
88
882
270
43
695
600
82
927
203
915
535
195
46
301
29
176
447
124
623
884
820
384
187
107
522
532
350
156
493
723
590
595
211
636
930
556
376
153
355
759
148
267
512
201
495
890
21
286
721
159
893
56
318
627
70
394
315
585
558
505
835
557
837
699
911
78
978
467
320
784
365
848
193
433
972
214
786
667
968
470
748
702
949
615
263
904
359
281
33
986
562
903
368
332
264
25
543
680
230
992
521
652
813
458
383
445
757
575
393
429
705
737
934
840
133
405
130
185
856
67
952
825
963
498
468
896
768
504
360
635
142
662
455
216
997
486
759
899
277
680
64
377
119
249
610
619
979
310
349
266
658
570
101
734
609
297
295
836
917
808
552
961
387
586
252
911
91
426
595
591
593
257
211
424
691
302
111
576
563
945
826
123
192
18
469
796
535
189
495
886
550
810
833
325
514
87
750
669
194
15
960
181
729
891
521
488
834
126
611
246
7
598
169
61
665
985
705
369
545
771
625
463
179
417
774
480
967
592
443
933
242
328
166
716
879
788
138
605
475
565
744
659
617
17
43
467
861
140
240
888
45
646
840
103
644
318
56
262
419
198
204
732
433
444
870
385
321
941
23
798
937
801
209
155
34
141
633
629
868
517
838
996
182
700
420
263
722
380
973
414
279
243
613
931
994
304
115
950
28
386
271
942
770
800
767
299
828
135
449
947
897
187
202
477
308
95
20
760
842
37
348
874
314
62
768
400
544
742
236
356
146
460
311
817
152
525
970
514
135
718
312
560
664
38
152
52
139
168
244
331
63
935
601
783
382
122
36
638
579
715
885
114
745
268
223
548
782
86
561
293
202
311
666
147
2
317
194
924
739
564
197
443
647
3
712
55
39
161
884
936
229
883
246
687
777
863
370
105
13
482
191
22
844
327
333
430
186
377
709
208
694
779
199
432
652
80
504
68
73
21
865
316
804
812
997
905
260
755
533
236
721
948
768
537
133
412
758
603
831
644
255
999
198
815
61
205
819
19
118
403
912
964
706
811
513
476
404
923
211
492
126
478
833
273
429
317
10
400
385
559
593
913
684
778
44
161
496
53
129
408
658
14
632
392
690
766
827
594
530
272
962
916
747
703
533
945
283
4
353
861
820
699
653
6
800
45
139
331
59
352
372
617
175
704
876
456
547
245
763
567
170
998
306
343
680
543
267
375
571
286
576
555
49
237
607
393
233
749
987
788
681
124
599
789
72
539
450
887
832
57
511
390
192
224
284
527
952
146
958
553
213
956
384
971
951
838
519
508
234
426
889
499
802
711
190
397
261
461
574
149
329
16
633
938
455
285
482
178
584
97
915
263
108
382
209
487
713
542
431
409
549
318
296
93
873
740
976
131
809
369
315
620
845
975
710
278
728
359
150
314
84
568
119
70
862
330
830
656
250
334
784
874
803
532
569
426
488
75
793
655
206
953
434
378
264
220
898
248
169
818
634
156
63
421
18
506
54
128
761
363
837
919
501
89
909
946
959
165
867
639
825
290
358
173
671
304
83
614
268
980
444
49
235
590
27
216
376
775
469
896
221
736
351
110
500
186
148
646
311
664
219
731
450
349
535
470
840
915
945
974
176
583
401
972
856
464
338
24
298
238
56
460
111
463
538
581
85
887
477
8
807
67
200
813
848
411
16
631
645
115
628
734
142
901
364
900
468
835
963
989
921
964
437
257
859
408
600
134
471
297
169
413
841
28
3
971
648
281
579
879
436
344
453
503
741
991
328
292
317
482
162
197
96
404
995
280
466
595
448
855
629
185
715
381
176
130
913
738
745
264
472
504
157
558
559
911
584
739
136
244
935
654
936
892
439
454
52
298
420
150
976
314
137
309
303
494
165
398
685
116
943
548
374
144
386
814
7
851
371
746
793
875
300
823
627
24
367
486
795
714
312
42
138
424
860
354
473
14
852
755
717
656
509
695
545
858
593
3
961
95
187
446
983
46
119
80
662
773
748
322
668
706
192
978
842
676
546
785
110
574
467
794
429
420
479
990
193
145
559
30
346
336
510
904
810
905
927
365
781
791
958
597
787
849
212
271
341
911
670
507
345
189
482
63
234
261
992
608
120
916
401
738
917
133
160
248
524
476
883
103
932
588
898
295
391
812
262
688
985
744
430
360
619
519
405
282
647
553
622
455
680
150
195
931
993
624
181
707
415
880
286
979
302
522
127
984
269
384
104
368
714
700
607
423
200
582
677
832
237
926
117
955
249
440
879
625
400
473
835
767
1
735
991
434
10
572
284
540
441
816
397
909
682
5
177
254
937
787
253
238
671
337
822
403
919
171
679
664
145
760
888
598
543
25
828
446
328
209
592
91
589
56
694
630
641
79
402
933
450
726
172
874
938
781
196
62
751
278
35
366
221
615
591
676
531
484
231
26
850
803
159
247
285
954
570
549
601
164
327
84
818
970
258
957
827
416
426
47
544
343
380
98
275
750
442
57
562
102
863
657
447
710
352
705
772
765
517
43
529
462
407
889
763
174
480
793
92
790
263
580
506
130
646
901
239
756
518
73
701
648
242
899
953
439
996
312
40
88
870
149
156
907
288
512
354
112
752
923
283
633
871
154
971
32
119
55
402
173
652
793
661
774
152
500
476
184
396
208
363
325
118
846
843
615
983
962
403
375
570
73
11
169
213
434
538
196
343
431
764
435
269
348
654
900
19
501
745
71
629
155
409
99
179
578
749
337
448
265
16
866
193
852
424
100
684
222
965
146
230
457
323
462
50
938
168
127
491
241
227
808
13
287
167
324
665
211
704
135
294
463
33
657
789
202
39
659
486
108
855
170
120
673
55
194
875
87
667
441
625
316
349
123
549
226
600
17
627
326
701
910
691
929
877
660
795
593
572
752
392
792
751
536
254
106
339
933
158
216
464
864
842
713
432
678
34
26
823
422
810
64
828
521
91
243
109
391
613
623
564
199
164
917
310
467
37
476
890
636
273
496
868
240
869
136
358
78
427
601
505
515
940
308
797
12
979
182
986
924
233
40
703
62
474
570
688
43
433
802
218
507
725
89
637
770
538
643
139
303
1
132
733
483
586
566
519
470
984
993
406
250
920
735
253
825
130
857
694
743
333
805
289
96
851
393
870
949
354
298
866
526
824
968
63
862
946
159
589
969
651
909
161
677
126
82
231
557
695
826
343
424
477
221
782
110
510
478
748
761
465
786
355
340
3
605
90
809
854
246
599
715
44
930
271
609
229
267
626
167
853
801
855
449
144
742
612
195
213
701
915
609
65
899
191
585
992
389
158
506
876
342
861
321
955
13
610
638
850
813
544
570
327
81
528
754
577
889
457
128
491
306
283
885
683
291
71
547
644
743
302
27
46
48
679
920
833
456
581
807
133
530
672
911
691
973
480
560
425
677
642
887
70
526
209
799
818
275
382
569
814
264
88
927
562
681
568
880
254
184
759
353
256
722
924
402
108
196
268
163
587
434
705
947
4
738
341
699
367
934
714
284
905
330
740
784
160
684
878
894
219
757
723
922
401
565
791
918
350
716
606
405
424
387
648
872
113
95
134
936
186
794
800
812
674
516
576
84
940
116
720
551
871
233
520
762
337
443
608
768
10
188
758
698
788
845
862
20
495
333
99
921
575
772
634
277
228
616
379
78
178
246
64
731
248
883
906
689
523
719
646
532
897
944
696
183
951
693
14
976
561
310
934
793
164
61
453
346
298
835
290
579
137
879
400
72
800
830
511
868
641
24
998
671
41
682
523
913
385
30
651
494
394
38
914
797
585
8
247
482
92
663
39
632
159
900
534
211
220
373
276
700
13
466
937
567
257
999
745
986
204
455
358
890
404
881
961
304
143
558
113
893
414
539
152
799
771
360
666
299
270
548
958
957
631
102
520
47
215
543
640
351
595
200
325
315
502
777
119
523
816
658
295
841
708
798
980
915
776
770
972
908
923
811
359
820
766
381
377
136
527
536
262
163
518
440
149
488
334
994
615
744
509
224
749
91
317
52
105
690
556
69
673
803
445
493
368
831
752
804
705
894
888
145
129
7
899
221
209
953
650
738
379
902
516
363
323
857
125
45
234
814
838
141
249
590
264
991
319
846
408
617
844
117
251
572
714
101
441
785
239
977
551
826
280
31
637
