83
946
176
994
160
107
901
352
146
9
689
564
610
253
334
166
904
249
924
736
933
241
476
3
379
960
264
193
168
537
844
922
349
194
859
458
285
818
647
81
230
191
111
562
633
287
40
675
677
817
985
516
658
455
13
78
316
183
686
791
981
75
68
600
105
256
57
20
845
258
662
425
206
399
496
592
657
866
82
417
35
178
470
962
217
38
958
432
582
289
832
337
667
666
370
885
929
718
498
883
122
866
284
338
671
976
655
283
739
52
2
390
289
351
467
235
129
16
995
120
94
888
252
710
717
225
605
281
722
97
885
144
156
812
621
497
775
925
392
450
524
870
297
742
973
492
466
136
791
452
540
624
818
471
541
460
532
456
756
726
434
815
86
369
439
997
669
419
649
367
131
165
906
503
992
422
768
832
520
588
141
223
139
720
473
401
576
339
60
375
577
101
350
322
643
176
965
857
18
627
797
862
570
447
107
8
580
44
406
701
348
573
697
923
321
108
50
961
83
552
989
25
637
74
839
549
554
787
76
494
487
930
218
706
155
623
309
196
214
721
62
993
728
283
58
75
233
838
357
607
27
944
840
981
254
87
662
271
436
98
423
556
182
729
462
964
308
969
880
488
36
569
747
329
595
958
788
137
133
803
760
346
955
884
459
645
935
48
733
711
893
66
284
338
808
299
896
929
908
132
348
105
764
90
623
120
24
419
529
278
154
997
921
644
915
673
611
564
253
499
717
966
979
758
45
873
203
193
162
285
567
538
408
947
107
878
310
19
262
795
174
718
326
604
608
869
859
77
206
190
204
526
72
368
232
854
243
772
413
641
527
465
180
327
406
267
994
855
539
37
655
957
257
524
494
865
91
654
251
936
540
131
583
593
568
249
187
119
448
819
102
426
69
506
246
84
863
363
985
211
533
191
699
681
42
96
340
812
890
648
177
1
140
355
493
382
302
148
727
841
952
610
811
274
532
548
172
974
554
646
597
349
883
200
103
17
856
876
49
517
781
234
400
939
822
175
184
932
444
786
121
824
956
216
296
903
796
491
669
725
649
982
476
870
907
765
405
486
761
748
651
860
51
912
113
542
322
949
222
511
440
209
241
47
799
275
762
731
875
613
899
13
500
128
221
695
968
492
766
115
708
938
589
456
779
631
109
80
463
228
459
134
414
349
433
856
592
750
919
288
416
79
112
576
390
410
966
468
418
415
244
563
773
564
574
851
297
909
666
567
800
633
908
933
317
813
266
169
200
659
783
879
501
771
701
840
245
402
307
998
292
740
26
874
78
556
490
301
16
743
645
230
5
395
513
593
482
265
106
661
214
558
21
70
901
810
630
649
209
612
15
832
616
970
144
502
562
436
217
368
674
95
312
624
509
981
945
603
212
658
253
999
388
171
820
434
884
894
952
611
765
166
449
176
247
960
618
191
986
902
441
604
87
236
598
811
837
718
962
210
980
707
406
885
914
159
398
417
888
314
730
898
231
905
495
814
712
269
547
977
139
635
722
122
2
947
163
515
678
824
963
24
153
959
435
282
339
256
728
424
344
527
146
530
928
174
472
778
465
295
483
777
158
739
920
33
770
186
156
664
117
804
674
942
625
601
430
796
91
330
608
833
534
189
886
508
845
650
409
822
456
687
194
985
445
68
680
632
47
57
282
543
277
880
488
453
76
842
65
367
897
972
320
894
392
400
239
145
921
102
19
918
631
593
40
378
484
899
654
568
817
427
685
728
701
148
525
35
769
151
396
154
259
391
821
350
410
464
311
805
75
69
653
287
293
204
651
67
709
273
132
550
472
996
829
600
270
286
130
828
665
834
557
128
443
536
496
212
133
354
235
233
982
452
639
544
745
634
250
310
706
329
890
878
4
359
30
223
88
459
222
552
997
938
416
910
988
901
714
180
840
85
559
816
744
34
327
395
471
888
116
318
177
206
136
118
615
46
703
7
255
721
973
734
781
712
748
96
900
458
715
385
271
837
825
620
926
565
263
62
645
331
858
394
365
167
950
808
126
799
546
738
371
868
516
713
11
66
656
383
477
791
804
352
795
585
877
304
438
462
679
750
409
871
87
346
964
579
373
184
377
95
75
990
884
545
717
887
85
252
286
896
3
644
551
299
306
380
993
539
294
954
602
334
664
210
60
81
201
723
303
784
414
872
907
873
496
885
99
336
776
696
532
952
946
251
115
347
431
949
6
163
505
31
983
594
202
323
786
930
408
854
168
592
429
363
652
328
444
863
325
390
383
914
756
864
698
26
591
191
711
657
353
119
625
553
177
867
341
448
204
316
965
369
862
916
131
726
489
934
945
317
989
539
5
209
608
467
670
242
890
866
96
469
581
879
706
482
582
252
822
984
335
189
528
257
217
79
202
521
958
935
621
758
783
987
597
725
937
226
82
71
796
407
113
303
603
280
892
819
710
366
321
236
149
767
527
643
673
285
572
2
810
17
477
628
589
267
629
951
806
948
420
587
792
455
857
850
577
759
967
594
425
129
999
915
656
956
300
438
688
818
952
384
307
700
554
364
732
53
324
91
473
672
895
702
437
274
705
837
770
14
20
885
882
8
520
519
793
327
485
820
320
875
421
410
803
768
277
535
453
612
415
102
510
677
98
692
173
814
64
922
781
334
188
693
427
275
538
653
478
481
237
213
789
428
703
933
272
627
225
502
56
919
187
117
995
262
89
472
606
694
713
909
130
929
171
208
786
555
115
766
41
623
845
755
834
205
674
496
768
216
228
595
662
283
190
904
564
894
637
666
533
737
525
816
219
709
990
647
261
240
50
247
167
574
663
9
308
646
654
944
801
313
107
992
152
827
458
516
325
888
736
735
889
206
796
382
587
869
392
578
873
92
659
61
481
164
332
915
163
345
507
51
451
557
43
940
847
981
183
903
233
111
340
47
8
993
681
27
122
491
320
640
13
299
826
651
760
763
622
388
114
582
563
363
757
586
135
457
678
44
116
215
153
689
788
762
676
723
720
159
497
238
852
483
26
525
825
913
490
108
157
329
425
911
479
615
422
394
978
79
500
613
29
661
546
652
106
23
507
529
794
446
181
957
839
245
73
933
532
936
94
495
644
601
506
627
377
442
327
100
798
570
499
97
670
545
269
918
402
456
698
201
86
151
264
197
461
67
302
339
200
240
884
375
538
509
413
710
817
940
125
995
21
29
466
516
983
58
178
900
803
969
294
833
205
22
95
306
111
434
370
175
609
753
387
695
366
611
873
231
367
130
682
303
780
236
599
970
642
623
616
38
220
672
929
909
629
460
850
250
974
787
540
776
571
782
5
172
802
955
2
931
368
607
350
301
994
545
874
901
16
973
844
588
579
684
25
643
310
273
183
265
760
207
137
541
329
701
654
328
846
64
260
429
110
637
195
439
826
400
314
248
479
284
256
859
399
481
338
196
165
346
288
576
72
849
967
100
319
463
619
239
478
715
559
772
927
182
467
454
275
972
694
631
121
923
464
524
252
808
690
857
912
187
591
871
668
455
107
932
539
359
623
391
793
957
146
997
324
105
95
377
700
819
355
417
902
89
266
671
352
299
899
861
604
649
67
8
511
23
360
853
824
986
407
775
895
213
289
873
11
536
462
300
512
425
657
630
460
111
602
510
578
405
414
548
975
235
978
506
569
109
285
253
226
729
764
422
500
885
397
505
790
728
202
412
558
263
678
795
712
562
303
879
10
361
29
137
714
84
504
204
136
696
773
386
989
691
161
362
389
118
934
482
545
304
796
804
937
170
958
734
809
242
345
356
114
468
341
333
730
744
126
863
811
249
735
406
546
827
683
830
936
208
557
47
269
398
415
721
770
168
431
579
147
452
210
641
348
154
336
669
918
698
206
330
919
389
528
7
402
944
70
875
556
785
979
872
939
709
291
197
169
494
547
258
866
694
306
551
726
307
893
615
161
628
222
437
905
988
945
749
228
174
83
553
706
665
708
274
942
75
199
733
124
574
317
504
501
707
201
283
268
38
865
955
884
331
320
897
522
662
372
483
107
797
917
907
800
176
388
238
35
93
833
382
509
339
874
408
690
588
699
600
298
354
731
229
766
896
549
607
39
385
94
742
763
815
972
614
173
58
908
617
835
681
601
823
449
400
452
622
947
162
753
689
77
697
571
843
170
731
14
941
488
517
24
175
124
220
338
738
167
92
371
573
5
787
260
234
71
156
337
229
494
203
133
804
150
352
860
313
971
432
646
492
336
533
9
245
233
634
748
145
650
836
864
299
368
625
943
333
946
621
639
600
608
489
839
55
322
335
534
923
791
722
250
179
882
950
207
552
1
564
103
49
626
290
172
695
178
52
50
496
440
429
394
56
15
141
628
908
130
339
362
788
83
714
655
104
159
636
467
644
125
402
20
59
419
363
527
45
498
749
505
978
870
794
772
387
407
167
519
926
327
873
970
47
557
54
367
822
583
399
398
521
691
656
493
390
302
982
221
412
660
86
723
752
199
461
393
567
903
307
84
30
242
751
209
537
877
344
876
911
565
316
231
610
95
647
476
937
480
566
499
286
308
360
786
97
375
837
350
984
11
986
376
760
838
495
491
523
26
930
780
629
828
555
420
34
666
997
713
270
284
690
968
403
703
638
201
543
22
963
687
774
659
413
821
436
750
439
475
364
423
570
596
702
349
19
137
816
218
831
437
871
447
841
762
359
378
833
945
266
85
573
358
490
734
35
465
40
253
966
395
845
948
801
277
304
37
585
812
282
784
906
674
606
297
565
806
324
188
603
148
226
127
307
611
682
327
793
156
161
561
664
293
604
673
901
838
337
620
386
410
827
924
758
632
200
478
537
145
657
357
819
366
78
935
38
867
120
512
341
138
173
221
94
720
2
143
56
72
126
46
962
351
458
742
206
174
175
214
401
257
810
414
469
54
704
69
136
116
759
405
227
768
353
346
265
818
164
113
747
360
80
627
275
936
252
897
672
310
776
89
928
114
544
273
219
305
647
190
179
486
808
688
742
421
534
121
285
96
778
425
3
557
757
76
807
99
834
459
955
63
94
105
393
330
246
218
455
268
451
504
320
563
416
302
194
111
613
7
403
340
501
271
38
944
679
899
112
476
530
851
575
438
343
779
839
167
950
623
25
915
125
171
484
472
83
102
295
365
977
894
388
69
178
361
674
322
727
166
785
370
744
710
770
853
552
749
933
917
670
363
236
466
803
397
687
460
315
64
965
580
229
631
735
982
887
396
255
943
274
658
310
387
665
900
374
13
49
741
309
313
165
106
531
43
852
898
773
35
195
128
725
872
708
754
417
98
927
925
518
761
436
691
707
889
168
231
135
667
471
574
954
80
838
173
91
683
914
367
935
625
991
668
52
775
349
297
586
675
529
654
809
985
875
4
599
615
814
650
651
381
424
929
158
570
37
306
371
711
777
108
932
181
873
751
515
335
327
185
384
956
587
73
568
536
441
524
789
62
821
143
872
785
569
134
911
442
622
817
433
674
630
260
122
344
662
200
379
469
140
550
590
494
583
598
32
408
510
266
60
849
42
465
209
174
235
88
737
212
554
277
526
264
34
739
553
481
68
558
783
594
764
19
716
562
998
632
549
891
982
254
450
813
543
503
709
624
544
75
214
731
745
205
993
560
141
160
880
942
505
972
383
506
721
584
329
108
83
136
601
511
339
959
459
806
333
610
395
351
115
965
593
730
461
687
359
777
269
742
527
276
516
784
606
14
223
704
994
630
410
975
625
197
559
145
312
661
92
631
54
682
467
242
737
215
529
885
189
492
815
820
578
680
78
119
945
391
389
648
887
865
538
791
55
793
176
447
700
70
960
780
903
409
444
256
765
949
497
272
513
429
495
86
714
996
282
91
566
647
466
950
934
952
912
795
865
910
681
692
532
952
618
236
23
470
22
767
401
595
548
557
362
719
555
21
846
139
100
696
110
848
358
476
904
923
84
54
858
978
109
82
282
792
224
390
793
932
694
832
227
577
617
97
334
998
698
373
394
592
695
181
600
653
901
518
35
687
286
539
352
797
32
335
468
634
580
354
435
605
749
327
473
451
931
397
836
368
370
211
232
12
988
752
152
691
27
899
342
270
383
101
326
739
512
480
837
105
455
553
331
668
338
566
290
398
571
890
758
852
400
216
323
623
844
128
111
419
492
449
747
72
921
108
332
667
986
301
318
520
402
528
953
613
924
624
892
197
123
170
296
854
135
911
90
192
674
664
151
880
536
324
879
245
421
47
741
7
717
43
337
57
726
399
393
93
378
576
479
748
299
933
561
971
940
3
995
73
983
961
87
524
639
70
562
558
713
964
386
240
526
475
992
876
251
581
13
443
896
107
538
270
444
206
514
149
918
832
33
608
117
603
4
911
979
825
373
319
883
399
191
927
853
970
276
940
976
539
269
815
250
529
770
682
550
734
958
889
959
614
476
590
83
187
671
375
304
266
338
884
261
592
915
766
364
198
385
974
228
540
189
81
493
947
309
429
124
18
957
344
657
314
999
949
811
641
822
24
223
969
457
904
233
204
935
291
456
664
610
660
732
760
402
355
298
741
287
141
616
170
595
694
356
613
385
624
816
302
867
976
41
313
168
750
890
99
851
897
589
746
812
120
454
49
360
893
837
229
373
602
820
124
279
45
277
811
627
687
534
522
467
146
808
525
903
445
968
866
222
846
614
43
106
648
202
162
172
917
905
130
289
411
570
782
617
138
856
144
342
626
139
759
754
441
78
322
348
778
320
668
401
136
281
631
397
252
739
109
535
405
545
154
262
838
751
705
663
310
843
218
555
60
677
363
317
452
893
44
315
118
267
785
467
186
597
431
465
736
461
75
407
85
873
643
444
519
521
723
635
190
408
404
445
169
609
934
29
795
646
225
721
704
627
91
515
187
296
619
211
285
400
950
558
915
421
699
722
565
9
151
253
799
876
773
740
486
180
166
234
706
495
142
884
21
133
20
498
447
282
755
485
925
221
295
759
938
192
328
980
374
165
596
130
18
920
275
292
59
318
63
640
780
769
789
774
19
446
86
659
359
672
249
768
532
325
685
813
712
956
987
25
128
182
801
347
601
729
76
280
28
56
533
433
382
797
406
265
377
680
47
573
840
337
788
220
61
480
420
294
531
281
203
383
487
971
544
781
880
301
896
345
852
263
288
115
578
586
949
806
286
436
911
796
872
270
463
592
428
107
805
503
129
886
989
472
365
376
510
343
36
552
837
910
199
825
628
470
153
349
208
201
328
247
775
861
273
426
360
619
822
680
18
74
904
355
455
911
272
493
738
656
346
188
744
636
348
195
629
246
192
940
790
985
257
644
469
856
560
997
278
698
460
951
819
481
341
239
39
177
634
622
933
126
800
167
593
140
695
762
848
968
70
759
429
321
952
569
125
859
35
637
381
717
236
310
438
611
666
788
135
400
152
931
692
432
690
733
79
512
594
826
194
842
660
392
994
368
617
325
860
453
17
417
10
64
565
700
803
43
767
354
982
807
37
45
248
945
302
7
912
630
652
252
329
254
416
443
156
314
993
209
530
372
91
113
984
814
831
202
48
474
409
211
38
98
745
885
482
587
8
119
311
150
509
603
403
264
488
330
102
308
6
514
492
658
189
592
217
728
774
483
718
504
684
420
405
386
857
240
371
96
661
975
742
749
768
564
158
377
138
500
850
263
61
891
621
484
163
131
326
576
970
504
307
633
647
198
393
917
369
476
451
838
716
662
590
646
544
134
331
966
112
23
482
610
146
108
533
962
171
318
467
194
148
784
543
521
11
554
731
645
514
620
992
139
152
317
55
836
862
883
948
718
768
268
382
954
986
311
697
615
93
874
548
304
78
385
567
833
794
161
535
384
691
753
67
216
779
897
336
463
777
508
477
145
961
919
424
380
890
213
176
557
998
38
987
36
103
397
316
915
455
471
186
958
111
230
612
340
586
119
887
433
874
193
750
267
387
600
840
732
502
870
329
429
202
869
591
444
168
97
810
175
708
711
964
382
482
900
832
972
702
664
14
327
63
658
49
971
990
391
208
56
1
855
233
169
885
734
126
594
755
745
297
595
585
439
52
450
61
549
879
556
834
999
70
478
284
227
547
991
923
644
426
115
701
185
913
798
945
520
243
42
314
486
868
414
450
415
204
146
710
706
726
669
936
889
86
867
221
863
31
837
464
187
656
95
632
197
8
286
527
242
238
505
593
603
285
333
978
352
251
377
466
296
262
553
607
404
426
927
260
92
670
45
862
104
27
519
468
34
165
413
771
576
463
748
141
739
87
784
789
598
935
545
401
186
430
714
139
815
659
409
681
537
57
349
400
28
496
543
513
343
963
149
82
819
861
462
216
536
24
179
264
945
184
173
220
235
363
89
495
150
888
169
835
841
250
579
174
237
808
223
118
176
353
500
937
123
825
909
10
408
85
766
211
776
974
62
206
916
63
559
972
812
71
200
33
68
317
116
157
782
953
16
261
290
137
684
804
278
898
562
80
584
320
229
366
244
976
736
638
807
3
13
245
995
277
802
298
431
609
255
571
715
403
737
246
488
256
458
649
359
523
569
330
350
998
312
84
763
213
234
666
111
873
930
817
507
938
280
77
903
830
306
231
827
725
786
309
793
962
281
905
749
334
386
506
936
394
835
559
803
713
110
605
676
912
694
646
899
567
901
979
792
248
181
582
124
183
583
625
271
560
973
760
879
530
664
328
671
192
788
911
738
752
996
855
49
46
919
511
900
3
884
652
133
420
292
574
393
182
892
648
758
859
432
680
476
249
169
421
482
161
28
437
209
633
503
263
734
887
318
358
665
466
142
748
110
264
392
770
764
434
781
581
351
828
190
486
851
384
170
130
848
157
304
88
601
728
244
16
482
590
679
876
473
714
740
787
561
467
24
439
704
715
299
613
823
793
156
499
295
532
627
743
588
444
6
119
820
446
357
675
705
628
312
480
73
745
927
332
629
378
878
178
145
14
539
983
150
135
193
298
956
729
795
159
385
40
676
429
651
991
501
902
957
517
509
570
46
56
580
818
19
858
731
408
597
147
398
343
224
20
133
933
721
453
162
18
352
273
575
582
137
3
664
43
917
924
767
196
623
200
127
10
619
874
335
26
448
317
195
630
492
508
654
730
879
370
303
336
449
341
231
327
773
402
572
888
981
44
979
913
525
63
919
91
302
844
424
285
535
703
365
476
442
761
926
461
833
593
793
62
30
741
275
682
345
239
253
645
192
751
283
625
69
601
694
372
468
622
477
852
234
337
533
958
943
80
938
685
562
423
570
905
701
849
354
25
59
155
592
976
484
413
700
971
598
360
809
238
400
538
667
931
441
822
324
73
166
722
268
271
842
746
641
880
210
791
404
831
1
563
144
165
176
319
199
130
911
812
519
551
589
591
657
600
735
75
676
5
403
39
117
564
434
284
375
254
269
680
103
102
993
443
407
677
634
462
136
810
615
800
507
545
550
850
699
104
772
391
4
738
558
47
152
947
875
566
964
196
120
531
52
95
648
688
460
221
343
424
257
961
538
164
529
877
128
764
570
322
470
838
108
283
184
778
845
705
790
695
219
803
749
510
405
709
574
96
995
915
476
922
54
745
88
965
832
32
814
941
870
434
35
599
978
181
84
53
828
101
971
518
456
40
671
480
946
491
932
55
338
549
689
548
278
984
960
752
159
263
354
909
490
908
739
866
295
871
314
818
883
209
679
130
16
910
852
259
506
411
457
367
668
82
129
191
340
860
862
770
164
254
568
868
426
673
707
189
116
297
851
145
99
262
826
823
316
570
899
515
825
631
56
463
496
980
843
646
168
816
233
161
900
436
701
674
435
374
92
167
940
835
808
134
247
230
924
475
889
392
39
120
213
158
564
289
510
953
358
797
368
425
991
792
119
298
401
406
215
747
78
917
921
572
986
906
813
599
282
108
684
127
198
146
543
752
677
715
763
651
211
694
942
381
22
305
40
416
793
325
996
155
156
907
440
544
706
801
855
526
34
841
521
354
7
402
517
465
625
904
424
64
494
955
311
923
150
869
227
840
469
246
743
667
379
154
750
71
248
337
782
920
586
811
608
324
346
333
713
249
19
81
712
896
957
805
91
202
160
601
159
512
63
633
13
294
979
735
258
714
794
609
992
455
557
446
420
65
691
617
951
757
243
615
17
546
449
136
894
194
862
714
412
350
655
478
738
899
505
310
933
433
921
872
595
705
807
43
560
984
915
542
315
209
934
890
519
441
55
487
784
216
845
128
799
759
171
607
520
363
716
113
177
13
551
612
937
627
606
796
614
536
744
88
15
456
768
331
626
566
242
221
405
467
854
422
610
544
72
248
690
21
254
33
634
476
579
681
62
233
585
576
990
861
523
506
916
474
800
547
801
464
710
376
889
523
14
163
323
684
48
495
864
160
934
516
959
12
457
371
219
443
236
565
748
526
472
152
149
722
164
13
785
185
211
997
787
885
174
118
2
608
968
719
900
470
275
593
629
814
391
846
850
466
8
3
439
688
795
193
264
742
213
898
930
93
425
886
624
637
382
148
701
44
385
342
279
167
105
389
540
228
799
857
970
548
855
83
344
651
549
689
793
42
172
720
648
842
246
835
379
403
494
295
523
880
298
377
195
876
536
293
215
366
577
251
828
660
977
286
762
927
868
829
170
947
818
20
865
41
72
390
738
325
699
113
613
580
920
881
337
267
87
482
450
473
169
173
483
687
141
132
877
256
204
814
994
108
811
38
991
841
992
239
419
949
802
402
404
209
288
551
683
105
333
781
182
308
158
757
1
381
704
609
471
312
963
47
838
766
302
638
396
559
266
532
197
969
569
283
875
691
893
