1 321 1.000000
1 355 0.500000
1 356 1.000000
1 9 1.000000
1 46 1.000000
1 79 1.000000
1 259 1.000000
1 148 1.000000
1 73 0.500000
1 15 1.000000
2 321 1.000000
2 355 0.276393
2 356 1.000000
2 353 0.666667
2 363 0.447214
2 9 1.000000
2 91 0.333333
2 43 0.333333
2 46 1.000000
2 79 0.333333
2 208 0.666667
2 56 1.000000
2 338 0.723607
2 259 1.000000
2 148 1.000000
2 373 0.276393
2 73 0.723607
2 137 1.000000
2 15 0.333333
2 30 1.000000
3 259 1.000000
3 9 1.000000
3 15 0.333333
3 274 0.500000
3 148 1.000000
3 30 0.750000
3 37 0.333333
3 167 1.000000
3 169 0.250000
3 43 0.333333
3 46 1.000000
3 176 0.500000
3 158 1.000000
3 137 0.500000
3 56 1.000000
3 63 0.500000
3 321 0.375000
3 196 0.375000
3 73 0.709556
3 79 0.500000
3 208 0.500000
3 338 0.391083
3 91 0.333333
3 221 0.333333
3 353 0.333333
3 355 0.290444
3 356 1.000000
3 363 0.491722
3 373 0.217833
3 297 0.391083
4 259 1.000000
4 9 1.000000
4 395 0.500000
4 268 1.000000
4 15 0.333333
4 274 0.500000
4 148 0.500000
4 30 0.723607
4 240 0.630602
4 34 0.723607
4 37 0.375000
4 167 1.000000
4 169 0.276393
4 43 0.333333
4 46 1.000000
4 175 0.750000
4 176 0.500000
4 51 1.000000
4 158 0.500000
4 137 0.333333
4 56 1.000000
4 189 0.666667
4 63 0.666667
4 321 0.447214
4 196 0.276393
4 327 1.000000
4 73 0.630602
4 79 0.500000
4 208 0.500000
4 338 0.369398
4 89 0.500000
4 91 0.333333
4 221 0.250000
4 353 0.375000
4 355 0.369398
4 356 1.000000
4 363 0.369398
4 112 1.000000
4 373 0.261204
4 297 0.369398
5 259 1.000000
5 392 0.488329
5 9 0.500000
5 395 0.340325
5 268 1.000000
5 15 0.200000
5 274 0.500000
5 148 0.659675
5 30 0.750000
5 240 0.626874
5 34 0.511671
5 37 0.375000
5 167 0.500000
5 169 0.250000
5 43 0.266667
5 45 0.500000
5 46 1.000000
5 175 0.750000
5 176 0.500000
5 51 1.000000
5 158 0.250000
5 137 0.333333
5 56 0.511671
5 189 0.666667
5 63 0.666667
5 321 0.375000
5 196 0.375000
5 327 1.000000
5 328 0.500000
5 73 0.636333
5 79 0.500000
5 208 0.500000
5 338 0.368397
5 211 0.266667
5 216 0.800000
5 89 0.250000
5 91 0.266667
5 221 0.250000
5 353 0.375000
5 355 0.363667
5 356 1.000000
5 101 0.488329
5 363 0.373126
5 239 0.659675
5 112 1.000000
5 373 0.263206
5 297 0.368397
5 122 0.250000
5 253 1.000000
5 382 0.250000
6 259 1.000000
6 260 0.266544
6 6 0.400000
6 392 0.500000
6 9 0.500000
6 10 0.166667
6 395 0.333333
6 268 1.000000
6 15 0.200000
6 274 0.500000
6 148 0.666667
6 30 0.500000
6 31 0.500000
6 240 0.595040
6 34 0.500000
6 36 0.166667
6 37 0.400000
6 167 0.500000
6 169 0.333333
6 42 1.000000
6 43 0.266667
6 45 0.500000
6 46 1.000000
6 175 0.400000
6 176 0.500000
6 51 1.000000
6 158 0.166667
6 54 0.733456
6 137 0.333333
6 56 0.375000
6 189 0.666667
6 63 0.666667
6 321 0.333333
6 196 0.333333
6 327 1.000000
6 328 0.500000
6 73 0.418706
6 79 0.500000
6 208 0.500000
6 338 0.359855
6 211 0.266667
6 216 0.800000
6 89 0.166667
6 91 0.266667
6 221 0.200000
6 353 0.400000
6 355 0.314749
6 356 1.000000
6 101 0.375000
6 97 0.250000
6 234 1.000000
6 363 0.404960
6 239 0.666667
6 112 1.000000
6 373 0.280291
6 297 0.359855
6 122 0.166667
6 252 1.000000
6 253 0.750000
6 382 0.166667
7 384 0.500000
7 259 1.000000
7 260 0.255192
7 6 0.395156
7 392 0.500000
7 9 0.283688
7 10 0.166667
7 395 0.333333
7 268 1.000000
7 141 0.283688
7 15 0.270615
7 274 0.502074
7 367 0.418201
7 148 0.666667
7 25 0.497922
7 335 0.238243
7 284 0.500000
7 29 0.255192
7 30 0.400000
7 31 0.502078
7 240 0.543069
7 34 0.500000
7 36 0.166667
7 37 0.343555
7 38 0.400000
7 167 0.500000
7 169 0.200000
7 42 1.000000
7 43 0.270615
7 45 0.194381
7 46 1.000000
7 175 0.395156
7 176 0.497926
7 33 1.000000
7 51 1.000000
7 158 0.166667
7 54 0.581799
7 137 0.333333
7 56 0.375000
7 189 0.666667
7 63 0.666667
7 321 0.400000
7 196 0.400000
7 327 0.500000
7 328 0.500000
7 73 0.255192
7 79 0.500000
7 208 0.500000
7 338 0.345678
7 211 0.270615
7 343 0.617465
7 216 0.500000
7 89 0.166667
7 91 0.188154
7 221 0.209688
7 353 0.446757
7 355 0.234425
7 356 1.000000
7 101 0.375000
7 97 0.250000
7 234 1.000000
7 363 0.456931
7 239 0.666667
7 112 1.000000
7 373 0.308643
7 297 0.345678
7 122 0.166667
7 252 1.000000
7 253 0.750000
7 382 0.166667
8 384 0.500000
8 68 0.666667
8 259 1.000000
8 260 0.255192
8 6 0.394915
8 392 0.500000
8 9 0.297532
8 10 0.166667
8 395 0.499411
8 268 1.000000
8 141 0.297532
8 15 0.281770
8 274 0.600000
8 367 0.413827
8 148 0.499411
8 151 0.500000
8 25 0.250000
8 335 0.245612
8 284 0.666667
8 29 0.255192
8 30 0.400000
8 31 0.250000
8 393 0.250000
8 240 0.543069
8 34 0.500000
8 36 0.166667
8 37 0.340561
8 38 0.400000
8 167 0.500000
8 169 0.200000
8 42 1.000000
8 43 0.281770
8 45 0.159324
8 46 1.000000
8 175 0.394915
8 176 0.400000
8 33 0.500000
8 51 1.000000
8 158 0.166667
8 54 0.586173
8 137 0.333333
8 56 0.375000
8 23 0.500589
8 189 0.666667
8 63 0.666667
8 321 0.400000
8 196 0.400000
8 327 0.333333
8 328 0.500000
8 73 0.255192
8 79 0.500000
8 208 0.500000
8 248 1.000000
8 338 0.345678
8 211 0.281770
8 4 0.342992
8 48 0.250000
8 343 0.342992
8 216 0.500000
8 89 0.166667
8 91 0.154691
8 221 0.210171
8 353 0.449268
8 355 0.234425
8 356 0.500000
8 101 0.375000
8 97 0.250000
8 234 1.000000
8 363 0.456931
8 239 0.500589
8 112 1.000000
8 373 0.308643
8 297 0.345678
8 153 0.600000
8 249 0.500000
8 122 0.166667
8 252 0.400000
8 253 0.750000
8 382 0.166667
8 127 0.600000
9 4 0.339514
9 6 0.396454
9 7 0.220346
9 9 0.220346
9 10 0.160883
9 15 0.222257
9 17 0.666667
9 23 0.695191
9 25 0.161410
9 29 0.267786
9 30 0.390848
9 31 0.279530
9 33 0.519846
9 34 0.467584
9 36 0.169559
9 37 0.359334
9 38 0.390848
9 42 0.519846
9 43 0.207584
9 45 0.139554
9 46 1.000000
9 48 0.279530
9 51 1.000000
9 54 0.558742
9 56 0.400039
9 59 0.390388
9 63 0.642310
9 68 0.500000
9 70 0.245229
9 73 0.267786
9 76 0.207584
9 79 0.500000
9 89 0.160883
9 91 0.140319
9 97 0.290537
9 101 0.309424
9 103 0.599959
9 112 1.000000
9 122 0.169559
9 127 0.609612
9 137 0.357690
9 141 0.220346
9 148 0.304805
9 151 0.480154
9 153 0.609612
9 158 0.169559
9 167 0.500000
9 169 0.218305
9 175 0.396454
9 176 0.252765
9 189 0.642310
9 196 0.287187
9 208 0.500000
9 210 0.460493
9 211 0.222257
9 216 0.500000
9 221 0.207092
9 234 0.539507
9 239 0.695194
9 240 0.518932
9 248 1.000000
9 249 0.666667
9 252 0.390388
9 253 0.709463
9 259 1.000000
9 260 0.267786
9 268 1.000000
9 274 0.747235
9 284 0.638435
9 289 0.480154
9 297 0.338855
9 321 0.494508
9 327 0.361565
9 328 0.500000
9 335 0.199408
9 338 0.338855
9 343 0.380613
9 353 0.433574
9 355 0.196641
9 356 0.333333
9 359 0.500000
9 363 0.481068
9 367 0.441258
9 373 0.322291
9 382 0.169559
9 384 0.500000
9 392 0.532415
9 393 0.279530
9 395 0.304806
9 399 0.340597
10 4 0.254348
10 6 0.331185
10 7 0.223118
10 9 0.223118
10 10 0.170799
10 15 0.220475
10 17 0.560947
10 23 0.732087
10 25 0.149958
10 29 0.265939
10 30 0.297944
10 31 0.283347
10 33 0.499745
10 34 0.477315
10 36 0.170799
10 37 0.318066
10 38 0.297944
10 42 0.500255
10 43 0.220475
10 45 0.118856
10 46 1.000000
10 48 0.283347
10 51 0.999980
10 54 0.529857
10 56 0.398599
10 59 0.309568
10 63 0.307877
10 67 0.776535
10 68 0.617436
10 70 0.221887
10 73 0.265939
10 76 0.220475
10 79 0.500000
10 89 0.170799
10 91 0.118101
10 97 0.290588
10 101 0.310813
10 102 0.254348
10 103 0.601400
10 112 1.000000
10 122 0.170799
10 127 0.690432
10 137 0.220690
10 141 0.223118
10 148 0.267903
10 151 0.500255
10 153 0.690432
10 158 0.146003
10 167 0.530222
10 168 0.234889
10 169 0.188207
10 175 0.331185
10 176 0.309608
10 189 0.779310
10 196 0.300798
10 208 0.500000
10 210 0.382555
10 211 0.220475
10 216 0.500000
10 221 0.337616
10 234 0.382555
10 235 0.500000
10 239 0.500000
10 240 0.647049
10 248 0.784096
10 249 0.560947
10 252 0.309568
10 253 0.709412
10 259 1.000000
10 260 0.265939
10 262 0.530222
10 268 0.999980
10 269 0.235716
10 274 0.500000
10 284 0.637072
10 287 0.215904
10 289 0.499745
10 294 0.500000
10 297 0.234889
10 321 0.510995
10 327 0.362928
10 328 0.469778
10 335 0.211791
10 338 0.382555
10 343 0.254348
10 353 0.344318
10 355 0.202184
10 356 0.439053
10 359 0.382564
10 361 0.235716
10 363 0.352951
10 367 0.470143
10 373 0.382555
10 382 0.170799
10 384 0.500000
10 387 0.337631
10 392 0.522683
10 393 0.283347
10 395 0.422529
10 399 0.318547
11 4 0.256852
11 6 0.332175
11 7 0.194981
11 8 0.203752
11 9 0.194981
11 10 0.169282
11 15 0.220349
11 17 0.584397
11 23 0.643324
11 25 0.108741
11 29 0.269948
11 30 0.301670
11 31 0.208754
11 33 0.499886
11 34 0.408544
11 36 0.169282
11 37 0.325305
11 38 0.301670
11 42 0.500114
11 43 0.220349
11 45 0.110840
11 46 1.000000
11 48 0.208754
11 51 1.000000
11 54 0.515640
11 56 0.337914
11 59 0.317716
11 63 0.240627
11 64 0.320194
11 67 0.982687
11 68 0.573808
11 70 0.210281
11 73 0.269948
11 76 0.220349
11 79 0.500000
11 89 0.169282
11 91 0.118602
11 97 0.333941
11 101 0.328146
11 102 0.256852
11 103 0.331043
11 107 0.113885
11 112 1.000000
11 122 0.169282
11 127 0.682284
11 135 0.500000
11 137 0.185738
11 141 0.194981
11 148 0.256288
11 151 0.500114
11 153 0.682301
11 158 0.153588
11 167 0.500000
11 168 0.179806
11 169 0.178947
11 175 0.332175
11 176 0.226993
11 189 0.814262
11 196 0.381176
11 198 0.264998
11 208 0.500000
11 210 0.410097
11 211 0.220349
11 216 0.500000
11 221 0.335574
11 229 0.796248
11 230 0.331043
11 234 0.410097
11 235 0.500000
11 239 0.500000
11 240 0.619751
11 248 0.782286
11 249 0.584397
11 252 0.317699
11 253 0.666026
11 259 0.500000
11 260 0.269948
11 262 0.320194
11 268 0.500000
11 269 0.210110
11 274 0.423292
11 284 0.671455
11 287 0.217714
11 289 0.499886
11 294 0.423292
11 297 0.179806
11 321 0.439877
11 327 0.328545
11 328 0.500000
11 335 0.190333
11 338 0.410097
11 342 0.226993
11 343 0.256852
11 349 0.500000
11 351 0.153416
11 353 0.339121
11 355 0.190156
11 356 0.415603
11 359 0.426192
11 361 0.210110
11 363 0.380249
11 367 0.484360
11 373 0.410097
11 382 0.169282
11 384 0.500000
11 387 0.335650
11 392 0.273819
11 393 0.208752
11 395 0.425996
11 399 0.226993
12 4 0.223839
12 6 0.332201
12 7 0.194670
12 8 0.325268
12 9 0.194670
12 10 0.168813
12 15 0.222128
12 17 0.378580
12 23 0.303225
12 25 0.111984
12 29 0.226535
12 30 0.294810
12 31 0.206069
12 33 0.500000
12 34 0.227680
12 36 0.168813
12 37 0.325380
12 38 0.294810
12 42 0.544802
12 43 0.222128
12 45 0.104119
12 46 1.000000
12 48 0.206069
12 49 0.241298
12 51 1.000000
12 54 0.515467
12 56 0.264020
12 59 0.364466
12 63 0.224338
12 64 0.320194
12 67 0.872266
12 68 0.560250
12 70 0.152194
12 73 0.287128
12 76 0.222128
12 79 0.500000
12 89 0.168813
12 91 0.111490
12 97 0.253385
12 101 0.241298
12 102 0.207090
12 103 0.367990
12 107 0.121784
12 112 1.000000
12 122 0.168813
12 127 0.635534
12 135 0.455198
12 137 0.224338
12 141 0.194670
12 148 0.176609
12 151 0.500000
12 153 0.635535
12 158 0.155937
12 162 0.401044
12 167 0.479825
12 168 0.179806
12 169 0.196013
12 170 0.333333
12 171 0.333333
12 175 0.332201
12 176 0.245274
12 180 0.333333
12 186 0.146373
12 189 0.333333
12 196 0.219082
12 198 0.269810
12 208 0.500000
12 210 0.410097
12 211 0.222128
12 216 0.544802
12 221 0.335577
12 229 0.635535
12 230 0.367990
12 234 0.410097
12 235 0.600195
12 239 0.399805
12 240 0.633143
12 241 0.773465
12 246 0.287642
12 248 0.785632
12 249 0.666222
12 252 0.364465
12 253 0.746615
12 259 0.544802
12 260 0.287128
12 262 0.320194
12 268 0.333333
12 269 0.202157
12 274 0.426495
12 284 0.669939
12 287 0.214368
12 289 0.455198
12 294 0.426495
12 297 0.179806
12 321 0.584905
12 327 0.330061
12 328 0.520175
12 333 0.520166
12 335 0.190087
12 338 0.410097
12 342 0.245274
12 343 0.207090
12 349 0.333333
12 351 0.147010
12 353 0.339044
12 355 0.199210
12 356 0.333777
12 359 0.439750
12 361 0.202157
12 363 0.366857
12 367 0.484533
12 373 0.410097
12 382 0.168813
12 384 0.455198
12 387 0.335598
12 392 0.325269
12 393 0.206069
12 395 0.312553
12 397 0.364465
12 399 0.245274
13 4 0.251674
13 6 0.346983
13 7 0.193310
13 8 0.340293
13 9 0.193310
13 10 0.142933
13 15 0.184018
13 17 0.395849
13 19 0.138299
13 23 0.338850
13 25 0.103542
13 29 0.202158
13 30 0.293998
13 31 0.179106
13 33 0.500000
13 34 0.183313
13 36 0.142933
13 37 0.339347
13 38 0.293998
13 42 0.648723
13 43 0.184018
13 45 0.109332
13 46 1.000000
13 48 0.179106
13 49 0.269837
13 51 1.000000
13 54 0.525347
13 56 0.219967
13 59 0.395572
13 62 0.157631
13 63 0.181277
13 64 0.315310
13 67 0.947714
13 68 0.503254
13 70 0.160188
13 73 0.302474
13 76 0.184018
13 79 0.490455
13 89 0.142933
13 91 0.106297
13 97 0.240358
13 101 0.269837
13 102 0.189442
13 103 0.390017
13 107 0.124738
13 112 1.000000
13 113 0.273787
13 115 0.307630
13 122 0.142933
13 127 0.367574
13 135 0.351277
13 137 0.181277
13 141 0.193310
13 148 0.182510
13 151 0.500000
13 152 0.541622
13 153 0.659567
13 158 0.142403
13 162 0.461245
13 167 0.298789
13 168 0.178389
13 169 0.198035
13 170 0.333333
13 171 0.273787
13 173 0.402423
13 175 0.346983
13 176 0.245423
13 180 0.178639
13 186 0.153813
13 189 0.273787
13 196 0.195254
13 198 0.220842
13 199 0.142933
13 208 0.509545
13 210 0.410805
13 211 0.184018
13 216 0.648723
13 221 0.306034
13 228 0.458378
13 229 0.659567
13 230 0.390017
13 234 0.410805
13 235 0.536335
13 239 0.463665
13 240 0.513731
13 241 0.339464
13 246 0.268231
13 248 0.786032
13 249 0.664079
13 252 0.264851
13 253 0.759639
13 259 0.648723
13 260 0.302474
13 262 0.315310
13 268 0.333333
13 269 0.180426
13 274 0.370016
13 284 0.603152
13 287 0.213968
13 288 0.154926
13 289 0.351277
13 294 0.370016
13 297 0.190990
13 309 0.367574
13 321 0.606711
13 327 0.396848
13 328 0.298789
13 333 0.478639
13 335 0.186000
13 338 0.484403
13 342 0.245423
13 343 0.189442
13 349 0.333333
13 351 0.121669
13 353 0.354619
13 355 0.192893
13 356 0.335920
13 359 0.496746
13 361 0.180426
13 363 0.482499
13 367 0.474653
13 373 0.324608
13 382 0.142933
13 384 0.351277
13 387 0.306034
13 392 0.351655
13 393 0.179106
13 395 0.268104
13 397 0.340433
13 399 0.245423
14 4 0.249805
14 6 0.342526
14 7 0.194084
14 8 0.219936
14 9 0.194084
14 10 0.142941
14 15 0.163849
14 16 0.226330
14 17 0.413435
14 19 0.133970
14 23 0.341271
14 25 0.105163
14 29 0.164241
14 30 0.294039
14 31 0.183832
14 33 0.500000
14 34 0.205616
14 36 0.142941
14 37 0.317553
14 38 0.294082
14 42 0.632583
14 43 0.163849
14 45 0.109224
14 46 1.000000
14 48 0.183832
14 49 0.228873
14 51 1.000000
14 54 0.491423
14 56 0.192565
14 59 0.396284
14 60 0.141590
14 62 0.143160
14 63 0.181542
14 64 0.273717
14 67 1.000000
14 68 0.503599
14 70 0.157613
14 73 0.189781
14 76 0.163849
14 79 0.478710
14 89 0.142941
14 91 0.098948
14 97 0.208098
14 101 0.228873
14 102 0.194401
14 103 0.403717
14 105 0.704174
14 107 0.134658
14 112 1.000000
14 113 0.291421
14 115 0.456776
14 122 0.142941
14 127 0.356047
14 129 0.189781
14 135 0.367417
14 136 0.340112
14 137 0.181542
14 138 0.579736
14 141 0.194084
14 148 0.183363
14 151 0.500000
14 152 0.460067
14 153 0.500000
14 158 0.142355
14 162 0.439497
14 167 0.300286
14 168 0.165303
14 169 0.197892
14 170 0.333333
14 171 0.193934
14 173 0.399428
14 175 0.342585
14 176 0.245741
14 180 0.223223
14 186 0.153220
14 189 0.291421
14 196 0.197274
14 198 0.209369
14 199 0.142941
14 208 0.521290
14 210 0.417348
14 211 0.163849
14 216 0.371276
14 221 0.314883
14 228 0.539933
14 229 0.439952
14 230 0.403717
14 234 0.417348
14 235 0.541951
14 239 0.458049
14 240 0.320001
14 241 0.295826
14 246 0.274817
14 248 0.786012
14 249 0.688253
14 252 0.287969
14 253 0.791902
14 259 0.632583
14 260 0.168464
14 262 0.273717
14 268 0.333333
14 269 0.180598
14 274 0.372013
14 284 0.599252
14 287 0.213988
14 288 0.153714
14 289 0.367417
14 294 0.372013
14 297 0.184769
14 299 0.435614
14 309 0.355984
14 315 0.102495
14 319 0.481437
14 320 0.168557
14 321 0.604834
14 327 0.400748
14 328 0.300286
14 333 0.475366
14 335 0.173867
14 338 0.568584
14 342 0.245741
14 343 0.194401
14 349 0.333333
14 351 0.122004
14 353 0.367564
14 355 0.119176
14 356 0.311747
14 359 0.496401
14 361 0.180598
14 363 0.198562
14 367 0.508577
14 373 0.246648
14 382 0.142941
14 384 0.260804
14 387 0.314889
14 392 0.439791
14 393 0.183832
14 395 0.267132
14 397 0.500000
14 399 0.245741
15 4 0.255971
15 6 0.353541
15 7 0.161913
15 8 0.226745
15 9 0.161913
15 10 0.143136
15 15 0.169258
15 16 0.223656
15 17 0.532978
15 19 0.126835
15 23 0.300738
15 25 0.107502
15 29 0.149116
15 30 0.299572
15 31 0.191416
15 33 0.500000
15 34 0.202195
15 36 0.143136
15 37 0.408465
15 38 0.299572
15 42 0.508236
15 43 0.169258
15 45 0.099178
15 46 1.000000
15 48 0.191416
15 49 0.239294
15 51 1.000000
15 54 0.542423
15 56 0.175921
15 59 0.276431
15 60 0.144286
15 62 0.114317
15 63 0.188807
15 64 0.289150
15 67 1.000000
15 68 0.512048
15 70 0.158713
15 73 0.160665
15 76 0.169258
15 78 0.148624
15 79 0.456745
15 89 0.143136
15 91 0.101887
15 97 0.201204
15 101 0.239294
15 102 0.205030
15 103 0.412040
15 105 0.503191
15 107 0.119200
15 112 0.759402
15 113 0.292824
15 115 0.474030
15 119 0.161913
15 122 0.143136
15 127 0.333333
15 129 0.160665
15 135 0.385079
15 136 0.318118
15 137 0.188807
15 138 0.581582
15 140 0.276431
15 141 0.161913
15 148 0.144036
15 151 0.500000
15 152 0.439810
15 153 0.500000
15 155 0.118855
15 158 0.141187
15 162 0.449892
15 167 0.315451
15 168 0.123536
15 169 0.184159
15 170 0.333333
15 171 0.194762
15 173 0.369098
15 175 0.353541
15 176 0.243342
15 180 0.219590
15 186 0.132904
15 188 0.385067
15 189 0.292824
15 196 0.189201
15 198 0.191416
15 199 0.143136
15 208 0.500000
15 210 0.215685
15 211 0.169258
15 215 0.145046
15 216 0.363411
15 221 0.292917
15 225 0.240598
15 228 0.560187
15 229 0.455137
15 230 0.412040
15 234 0.215685
15 235 0.352179
15 239 0.442873
15 240 0.306379
15 241 0.290697
15 246 0.241883
15 248 0.783303
15 249 0.389794
15 252 0.333333
15 253 0.798796
15 259 0.614921
15 260 0.139459
15 262 0.289150
15 268 0.333333
15 269 0.185431
15 274 0.371540
15 278 0.151424
15 284 0.556851
15 287 0.216697
15 288 0.125840
15 289 0.340340
15 294 0.375940
15 297 0.191400
15 299 0.423965
15 302 0.206113
15 309 0.333333
15 314 0.500000
15 315 0.106763
15 319 0.470590
15 320 0.160665
15 321 0.478016
15 327 0.443149
15 328 0.315451
15 333 0.349114
15 335 0.133968
15 338 0.566172
15 342 0.245222
15 343 0.205030
15 349 0.333333
15 351 0.125685
15 353 0.298560
15 355 0.110576
15 356 0.225139
15 359 0.487952
15 361 0.185431
15 363 0.223031
15 367 0.457568
15 373 0.242428
15 382 0.143136
15 384 0.268647
15 387 0.292906
15 392 0.451859
15 393 0.191416
15 395 0.170198
15 397 0.500000
15 399 0.245222
16 4 0.332444
16 6 0.366205
16 7 0.187235
16 8 0.232865
16 9 0.187235
16 10 0.142857
16 15 0.161374
16 16 0.219271
16 17 0.518713
16 19 0.149829
16 23 0.321135
16 25 0.106261
16 29 0.150967
16 30 0.301278
16 31 0.188036
16 33 0.485135
16 34 0.196527
16 36 0.142857
16 37 0.489399
16 38 0.301278
16 42 0.467244
16 43 0.164534
16 45 0.119776
16 46 1.000000
16 48 0.183919
16 49 0.251867
16 51 1.000000
16 54 0.601168
16 56 0.157615
16 59 0.334671
16 60 0.146637
16 62 0.113923
16 63 0.224787
16 67 1.000000
16 68 1.000000
16 70 0.160720
16 73 0.161348
16 76 0.164534
16 78 0.175438
16 79 0.482696
16 89 0.142857
16 91 0.110062
16 97 0.192013
16 101 0.251867
16 102 0.270940
16 103 0.421192
16 105 0.489067
16 107 0.131284
16 112 0.751869
16 113 0.295817
16 115 0.495068
16 119 0.187235
16 122 0.142857
16 127 0.337683
16 129 0.161348
16 135 0.416999
16 136 0.271626
16 137 0.224787
16 138 0.584336
16 140 0.334671
16 148 0.163882
16 151 0.514865
16 152 0.468051
16 153 0.500003
16 155 0.120926
16 158 0.142857
16 162 0.444772
16 167 0.333333
16 168 0.177142
16 169 0.179920
16 170 0.333333
16 171 0.196393
16 173 0.333333
16 175 0.366205
16 176 0.244340
16 180 0.211974
16 186 0.166777
16 188 0.388874
16 189 0.295817
16 196 0.197981
16 198 0.188036
16 199 0.142857
16 208 0.500000
16 211 0.164534
16 215 0.189581
16 216 0.350972
16 221 0.267589
16 225 0.248131
16 228 0.531949
16 229 0.495509
16 230 0.421192
16 234 0.279313
16 235 0.370356
16 239 0.551385
16 240 0.292959
16 241 0.317085
16 246 0.259035
16 248 0.782476
16 249 0.388874
16 252 0.324635
16 253 0.807987
16 259 0.583001
16 260 0.127207
16 262 0.457872
16 268 0.333333
16 269 0.224787
16 278 0.178527
16 284 1.000000
16 287 0.217524
16 288 0.153366
16 289 0.354229
16 294 0.677899
16 297 0.243947
16 299 0.423791
16 302 0.193849
16 309 0.337683
16 314 0.500000
16 315 0.121039
16 319 0.481613
16 320 0.161348
16 321 0.446661
16 328 0.333333
16 333 0.321135
16 335 0.187235
16 338 0.522129
16 342 0.244340
16 349 0.333333
16 351 0.172272
16 353 0.243012
16 355 0.116857
16 356 0.222253
16 363 0.225428
16 373 0.233924
16 382 0.142857
16 384 0.283121
16 387 0.267589
16 392 0.439325
16 393 0.183919
16 397 0.499997
16 399 0.244340
17 1 0.504852
17 4 0.250806
17 6 0.270629
17 7 0.201655
17 8 0.216991
17 9 0.144097
17 10 0.142857
17 15 0.165734
17 16 0.225840
17 17 0.486792
17 19 0.134811
17 23 0.320576
17 25 0.107112
17 29 0.144259
17 30 0.271264
17 31 0.190272
17 33 0.500000
17 34 0.194834
17 36 0.142857
17 37 0.478648
17 38 0.277627
17 42 0.498281
17 43 0.176952
17 45 0.111780
17 46 0.509841
17 48 0.190272
17 49 0.250833
17 51 1.000000
17 54 0.490662
17 56 0.157236
17 59 0.344420
17 60 0.149656
17 62 0.115324
17 63 0.221382
17 67 1.000000
17 68 1.000000
17 70 0.157650
17 73 0.152688
17 76 0.131027
17 78 0.125046
17 79 0.330038
17 89 0.142857
17 91 0.103752
17 97 0.191443
17 101 0.250833
17 102 0.215992
17 103 0.421382
17 105 0.483802
17 107 0.139158
17 112 0.768575
17 113 0.299120
17 115 0.493897
17 119 0.201655
17 122 0.142857
17 127 0.336433
17 129 0.152688
17 130 0.276964
17 135 0.421642
17 136 0.363087
17 137 0.217588
17 138 0.577147
17 140 0.344420
17 148 0.166035
17 151 0.500000
17 152 0.467642
17 153 0.500000
17 155 0.136035
17 158 0.142857
17 162 0.441922
17 167 0.333333
17 168 0.124005
17 169 0.179844
17 170 0.333333
17 171 0.197013
17 173 0.333333
17 175 0.276962
17 176 0.245079
17 177 0.172544
17 180 0.211631
17 186 0.145126
17 188 0.490115
17 189 0.292236
17 195 0.165605
17 196 0.205595
17 198 0.187261
17 199 0.142857
17 208 0.437724
17 211 0.176952
17 215 0.129838
17 216 0.324913
17 221 0.175445
17 225 0.231425
17 228 0.532357
17 229 0.419923
17 230 0.421382
17 234 0.165605
17 235 0.331133
17 239 0.601176
17 240 0.294471
17 241 0.323384
17 246 0.268985
17 248 0.389988
17 249 0.265662
17 250 0.165605
17 252 0.336433
17 253 0.808557
17 257 0.490159
17 259 0.578358
17 260 0.146251
17 262 0.493658
17 268 0.333333
17 269 0.221382
17 276 0.220024
17 278 0.124295
17 284 1.000000
17 287 0.271265
17 288 0.188012
17 289 0.377424
17 294 0.481315
17 297 0.252077
17 299 0.424836
17 302 0.192814
17 309 0.327134
17 314 0.561793
17 315 0.130260
17 319 0.476578
17 320 0.154684
17 321 0.489515
17 328 0.333333
17 333 0.320576
17 335 0.201655
17 338 0.515106
17 342 0.245079
17 349 0.333333
17 351 0.151636
17 353 0.345907
17 355 0.113395
17 356 0.244222
17 363 0.228951
17 373 0.232817
17 378 0.509338
17 382 0.142857
17 384 0.299591
17 385 0.389988
17 387 0.322119
17 392 0.449017
17 393 0.190272
17 397 0.500000
17 398 0.232238
17 399 0.245079
18 1 0.509608
18 4 0.241700
18 6 0.219108
18 7 0.202725
18 8 0.211755
18 9 0.145031
18 10 0.143263
18 15 0.158993
18 16 0.210236
18 17 0.681210
18 19 0.135026
18 23 0.325563
18 25 0.114681
18 31 0.187573
18 33 0.500000
18 34 0.233450
18 36 0.143263
18 37 0.464573
18 38 0.396441
18 42 0.439295
18 43 0.164860
18 45 0.110252
18 46 0.500000
18 48 0.187573
18 49 0.242652
18 51 1.000000
18 54 0.471653
18 56 0.186882
18 59 0.345155
18 60 0.140930
18 62 0.164860
18 63 0.220878
18 67 1.000000
18 68 1.000000
18 73 0.182961
18 76 0.124563
18 78 0.120987
18 79 0.322957
18 89 0.143263
18 91 0.098009
18 97 0.186882
18 101 0.242652
18 102 0.241698
18 103 0.813118
18 105 0.409335
18 107 0.136543
18 112 1.000000
18 113 0.385705
18 119 0.202725
18 122 0.143263
18 127 0.333333
18 129 0.178358
18 130 0.359208
18 135 0.499996
18 136 0.359340
18 137 0.220878
18 138 0.561173
18 140 0.345155
18 148 0.167536
18 151 0.500000
18 152 0.499996
18 153 0.500000
18 155 0.158291
18 158 0.143263
18 162 0.528363
18 168 0.125504
18 169 0.207119
18 170 0.333333
18 171 0.228590
18 173 0.500009
18 175 0.219108
18 176 0.295106
18 177 0.166186
18 180 0.385705
18 186 0.142154
18 188 0.698107
18 195 0.167795
18 196 0.238187
18 198 0.187573
18 199 0.143263
18 208 0.445523
18 211 0.164860
18 215 0.128707
18 216 0.312654
18 221 0.202576
18 228 0.500004
18 229 0.428905
18 234 0.167795
18 239 0.552504
18 240 0.396729
18 241 0.409328
18 246 0.318790
18 248 0.389601
18 249 0.301893
18 250 0.167795
18 252 0.333333
18 253 0.813118
18 257 0.500000
18 259 0.500004
18 260 0.169005
18 262 0.497935
18 268 0.333333
18 269 0.220878
18 276 0.220798
18 278 0.121418
18 284 1.000000
18 287 0.396441
18 288 0.185900
18 289 0.439288
18 294 0.481988
18 297 0.252707
18 299 0.430841
18 302 0.181337
18 309 0.333333
18 314 0.531920
18 315 0.123855
18 319 0.396729
18 320 0.182961
18 321 0.433707
18 328 0.499991
18 333 0.325563
18 335 0.202725
18 338 0.513100
18 342 0.295106
18 349 0.333333
18 351 0.151466
18 353 0.332851
18 355 0.128424
18 363 0.206541
18 373 0.234193
18 378 0.528347
18 382 0.140425
18 384 0.336179
18 385 0.389601
18 387 0.561783
18 392 0.418252
18 393 0.187573
18 397 0.500000
18 398 0.231519
18 399 0.295106
19 1 0.503264
19 2 0.325580
19 4 0.242603
19 6 0.226060
19 7 0.203242
19 8 0.245471
19 9 0.144775
19 10 0.142912
19 15 0.133745
19 16 0.205154
19 17 0.669329
19 19 0.139110
19 23 0.325068
19 25 0.114346
19 31 0.186636
19 33 0.500000
19 34 0.218378
19 36 0.142912
19 37 0.282836
19 38 0.392082
19 42 0.448262
19 43 0.170585
19 45 0.110593
19 46 0.500000
19 48 0.186636
19 49 0.239362
19 51 0.500000
19 54 0.335031
19 56 0.185021
19 59 0.345080
19 60 0.151234
19 62 0.170585
19 63 0.211839
19 67 1.000000
19 68 1.000000
19 73 0.187931
19 76 0.127402
19 78 0.132465
19 79 0.230210
19 89 0.142912
19 91 0.100159
19 92 0.147411
19 97 0.185021
19 100 0.538352
19 101 0.239362
19 102 0.237609
19 103 0.814979
19 105 0.415997
19 107 0.134907
19 112 1.000000
19 113 0.565248
19 115 0.302784
19 119 0.203242
19 122 0.142912
19 127 0.333333
19 129 0.187265
19 130 0.384854
19 134 0.302784
19 135 0.489176
19 136 0.218993
19 137 0.211839
19 138 0.409851
19 140 0.345080
19 147 0.271301
19 148 0.167387
19 151 0.500000
19 152 0.489176
19 153 0.535536
19 155 0.187931
19 158 0.142912
19 162 0.499920
19 166 0.663333
19 168 0.123426
19 169 0.249166
19 170 0.333333
19 171 0.237584
19 173 0.500000
19 175 0.226060
19 176 0.295218
19 177 0.166582
19 180 0.197168
19 185 0.500000
19 186 0.142453
19 188 0.698191
19 195 0.164304
19 196 0.281702
19 198 0.186636
19 199 0.142912
19 208 0.230210
19 211 0.170585
19 215 0.130972
19 216 0.246961
19 221 0.163026
19 228 0.510824
19 229 0.535536
19 234 0.164300
19 239 0.538352
19 240 0.197264
19 241 0.401526
19 246 0.330671
19 248 0.369947
19 249 0.301809
19 250 0.164300
19 252 0.333333
19 253 0.814979
19 257 0.500000
19 258 0.461648
19 259 0.510824
19 260 0.120396
19 262 0.496105
19 268 0.333333
19 269 0.211839
19 276 0.224560
19 278 0.120234
19 284 1.000000
19 287 0.358752
19 288 0.211839
19 289 0.431504
19 292 0.230210
19 294 0.546286
19 297 0.253531
19 299 0.406802
19 302 0.182477
19 309 0.333333
19 314 0.531609
19 315 0.126938
19 319 0.566041
19 320 0.187931
19 321 0.336667
19 328 0.500000
19 333 0.325068
19 335 0.203242
19 338 0.518512
19 342 0.295218
19 349 0.333333
19 351 0.152646
19 353 0.282836
19 355 0.128546
19 363 0.236695
19 373 0.227957
19 378 0.619294
19 382 0.142526
19 384 0.396650
19 385 0.405493
19 387 0.547880
19 392 0.401244
19 393 0.186636
19 397 0.464464
19 398 0.161959
19 399 0.295218
20 1 0.510719
20 2 0.358108
20 4 0.254658
20 6 0.229551
20 7 0.188499
20 8 0.394508
20 9 0.137683
20 10 0.146193
20 15 0.162958
20 16 0.248284
20 17 0.704037
20 23 0.322562
20 31 0.250000
20 33 0.500000
20 34 0.337934
20 36 0.146193
20 37 0.277313
20 38 0.390640
20 42 0.496367
20 43 0.162958
20 45 0.108320
20 46 0.500000
20 48 0.250000
20 51 0.500000
20 54 0.278484
20 56 0.211292
20 59 0.343669
20 60 0.211488
20 62 0.162958
20 63 0.212096
20 67 1.000000
20 68 1.000000
20 73 0.223388
20 76 0.123539
20 78 0.132185
20 79 0.307717
20 89 0.146193
20 91 0.099370
20 92 0.167350
20 97 0.288610
20 100 0.666667
20 101 0.288610
20 102 0.221514
20 103 0.788708
20 105 0.453456
20 107 0.188499
20 112 1.000000
20 113 0.578521
20 115 0.303098
20 119 0.188499
20 122 0.146193
20 129 0.173119
20 130 0.380493
20 134 0.303098
20 135 0.428076
20 136 0.210984
20 137 0.212096
20 138 0.361780
20 140 0.343669
20 147 0.296698
20 148 0.166391
20 151 0.500000
20 152 0.428076
20 153 0.500000
20 155 0.221486
20 158 0.146193
20 162 0.421655
20 166 0.638531
20 168 0.120012
20 169 0.265936
20 170 0.324507
20 171 0.222585
20 173 0.502723
20 175 0.229551
20 176 0.319953
20 177 0.169867
20 180 0.198894
20 185 0.500000
20 186 0.146271
20 188 0.680047
20 195 0.157116
20 196 0.240410
20 198 0.250000
20 199 0.146193
20 208 0.311400
20 211 0.162958
20 215 0.157116
20 221 0.160404
20 228 0.571924
20 229 0.394508
20 234 0.157116
20 239 0.666667
20 240 0.194910
20 241 0.358059
20 248 0.359875
20 249 0.319953
20 250 0.157116
20 252 0.500000
20 257 0.500000
20 258 0.333333
20 259 0.571924
20 260 0.152424
20 262 0.502723
20 268 0.337746
20 269 0.212096
20 276 0.228059
20 278 0.119341
20 284 1.000000
20 287 0.343424
20 288 0.205167
20 289 0.384292
20 294 0.627923
20 297 0.252007
20 299 0.492814
20 302 0.188485
20 309 0.500000
20 314 0.510179
20 315 0.125258
20 319 0.546055
20 320 0.229583
20 321 0.361469
20 328 0.497277
20 333 0.322562
20 335 0.188499
20 338 0.499842
20 342 0.340023
20 349 0.337746
20 351 0.158544
20 353 0.265585
20 363 0.259035
20 373 0.248151
20 378 0.721516
20 382 0.122844
20 384 0.540227
20 385 0.412066
20 387 0.540898
20 393 0.250000
20 397 0.500000
20 398 0.213533
20 399 0.340023
21 1 0.515949
21 2 0.396819
21 4 0.243471
21 6 0.249290
21 7 0.188940
21 8 0.448239
21 9 0.138296
21 10 0.130973
21 15 0.181243
21 16 0.237040
21 17 0.500000
21 23 0.315414
21 31 0.255981
21 33 0.500000
21 34 0.363113
21 36 0.147639
21 37 0.288142
21 38 0.395887
21 42 0.527902
21 43 0.130976
21 45 0.106383
21 46 0.421058
21 48 0.255981
21 51 0.500000
21 54 0.241054
21 55 0.450154
21 56 0.268509
21 59 0.264792
21 60 0.187870
21 62 0.151794
21 63 0.210029
21 67 1.000000
21 68 0.549846
21 71 0.212295
21 73 0.206357
21 76 0.120228
21 78 0.133636
21 79 0.228304
21 89 0.130973
21 91 0.103899
21 92 0.143976
21 94 0.472247
21 97 0.271574
21 100 0.666667
21 101 0.272047
21 102 0.238138
21 103 0.729997
21 105 0.480391
21 107 0.188502
21 112 0.625390
21 113 0.563978
21 115 0.324220
21 119 0.188940
21 122 0.147499
21 129 0.209160
21 130 0.336662
21 134 0.253409
21 135 0.386875
21 136 0.215205
21 137 0.210029
21 138 0.388831
21 140 0.403061
21 147 0.286780
21 148 0.179002
21 151 0.500000
21 152 0.386719
21 153 0.336558
21 155 0.209160
21 158 0.147639
21 162 0.377404
21 166 0.667988
21 168 0.117517
21 169 0.274868
21 170 0.333333
21 171 0.230153
21 173 0.500000
21 175 0.277113
21 176 0.330394
21 177 0.154963
21 180 0.205869
21 185 0.500000
21 186 0.153145
21 188 0.669603
21 195 0.156964
21 196 0.259483
21 198 0.232056
21 199 0.147639
21 208 0.228638
21 211 0.181243
21 213 1.000000
21 215 0.156964
21 221 0.136935
21 225 0.374610
21 228 0.400986
21 229 0.336555
21 234 0.156964
21 239 0.666667
21 240 0.216502
21 241 0.329439
21 248 0.383970
21 249 0.330397
21 250 0.156964
21 251 0.735208
21 252 0.451148
21 257 0.308939
21 258 0.333333
21 259 0.613125
21 260 0.146922
21 262 0.467615
21 265 0.563655
21 268 0.333333
21 269 0.210029
21 276 0.225527
21 278 0.120989
21 284 1.000000
21 287 0.329245
21 288 0.210029
21 289 0.351109
21 294 0.669672
21 297 0.284252
21 299 0.453291
21 302 0.190170
21 309 0.396777
21 314 0.514640
21 315 0.130616
21 319 0.516174
21 320 0.228401
21 321 0.332012
21 326 0.270003
21 328 0.500000
21 333 0.315414
21 335 0.188940
21 338 0.436345
21 342 0.382141
21 349 0.333333
21 351 0.159884
21 353 0.288142
21 363 0.267324
21 366 0.228638
21 373 0.279385
21 378 0.758946
21 382 0.147639
21 383 0.500000
21 384 0.575085
21 385 0.390502
21 387 0.473597
21 393 0.255981
21 397 0.663442
21 398 0.170444
21 399 0.287465
22 1 0.477509
22 2 0.341907
22 4 0.240600
22 6 0.231875
22 7 0.190053
22 8 0.480529
22 9 0.135946
22 10 0.127208
22 15 0.210835
22 16 0.250211
22 17 0.500000
22 23 0.274551
22 31 0.383658
22 33 0.422130
22 34 0.331757
22 36 0.149117
22 37 0.295596
22 38 0.628009
22 42 0.572331
22 43 0.163432
22 45 0.106180
22 46 0.436798
22 48 0.308172
22 51 0.500000
22 54 0.254646
22 55 0.473914
22 56 0.266871
22 59 0.290830
22 60 0.199388
22 63 0.207303
22 68 0.526086
22 71 0.340052
22 73 0.238694
22 76 0.135984
22 78 0.181655
22 79 0.302052
22 89 0.127208
22 91 0.121053
22 92 0.165587
22 94 0.496486
22 97 0.266871
22 100 0.666667
22 101 0.266871
22 102 0.212543
22 103 0.727124
22 107 0.187714
22 112 0.524426
22 113 0.536092
22 115 0.455366
22 119 0.190053
22 122 0.149117
22 129 0.283822
22 130 0.384364
22 134 0.298413
22 135 0.315910
22 136 0.227707
22 137 0.207303
22 138 0.366514
22 140 0.371132
22 147 0.268746
22 148 0.176347
22 151 0.577870
22 152 0.300346
22 158 0.149117
22 162 0.329109
22 166 0.526086
22 170 0.333333
22 171 0.217687
22 173 0.523851
22 175 0.243699
22 176 0.333492
22 177 0.157933
22 180 0.246221
22 185 0.500000
22 186 0.161692
22 188 0.666508
22 195 0.154369
22 196 0.339134
22 199 0.149117
22 208 0.302052
22 211 0.196943
22 213 0.865787
22 215 0.181655
22 221 0.140062
22 225 0.475574
22 228 0.359602
22 229 0.291764
22 234 0.162776
22 239 0.666667
22 241 0.586970
22 248 0.359263
22 249 0.333492
22 250 0.181655
22 251 0.709170
22 252 0.659918
22 257 0.290326
22 258 0.333333
22 259 0.684090
22 260 0.175741
22 262 0.523850
22 265 0.551024
22 268 0.333333
22 269 0.207303
22 276 0.250562
22 278 0.137890
22 284 0.999993
22 287 0.371991
22 288 0.207303
22 289 0.289779
22 294 0.598897
22 297 0.304396
22 299 0.402060
22 302 0.274551
22 309 0.340082
22 314 0.508575
22 315 0.171754
22 319 0.648688
22 320 0.301743
22 321 0.473914
22 326 0.272876
22 328 0.476149
22 333 0.274551
22 335 0.190053
22 338 0.448976
22 342 0.395177
22 349 0.333333
22 351 0.170790
22 353 0.295596
22 363 0.351312
22 373 0.246628
22 378 0.745354
22 382 0.149117
22 383 0.500000
22 384 0.550401
22 385 0.390174
22 387 0.524426
22 393 0.308170
22 397 0.708236
22 398 0.230309
22 399 0.271331
23 1 0.470134
23 2 0.348475
23 4 0.184735
23 6 0.224644
23 7 0.169913
23 8 0.485221
23 9 0.140998
23 10 0.128194
23 15 0.249602
23 16 0.257437
23 17 0.535393
23 18 0.288026
23 23 0.283194
23 31 0.202085
23 33 0.500000
23 34 0.313770
23 36 0.151218
23 37 0.297266
23 38 0.633362
23 42 0.363838
23 43 0.168631
23 44 0.192834
23 45 0.096353
23 46 0.438336
23 48 0.202085
23 51 0.500000
23 54 0.250987
23 55 0.353381
23 56 0.267803
23 59 0.302370
23 60 0.196590
23 63 0.210492
23 68 0.390529
23 71 0.314466
23 73 0.244411
23 76 0.136794
23 78 0.172865
23 79 0.309317
23 87 0.432569
23 89 0.128194
23 91 0.106284
23 92 0.173468
23 94 0.516903
23 97 0.267803
23 100 0.375000
23 101 0.267803
23 102 0.169717
23 103 0.726599
23 107 0.200852
23 112 0.537036
23 113 0.538790
23 115 0.456716
23 119 0.201400
23 122 0.151218
23 129 0.278873
23 130 0.203593
23 133 0.250000
23 134 0.296099
23 135 0.318975
23 136 0.225323
23 137 0.210492
23 138 0.355070
23 140 0.375384
23 147 0.265641
23 148 0.185016
23 151 0.500000
23 152 0.314818
23 158 0.151218
23 162 0.371120
23 166 0.533496
23 170 0.250000
23 171 0.214025
23 173 0.500000
23 175 0.239103
23 176 0.299502
23 177 0.120945
23 180 0.247185
23 182 0.375000
23 185 0.500000
23 186 0.137231
23 187 0.830079
23 188 0.700498
23 195 0.147808
23 196 0.315110
23 199 0.144979
23 208 0.309317
23 211 0.200958
23 213 0.841960
23 215 0.172865
23 221 0.139827
23 222 0.202085
23 225 0.462964
23 228 0.370716
23 229 0.289456
23 234 0.172865
23 239 0.750000
23 241 0.463376
23 248 0.367721
23 249 0.299497
23 250 0.172865
23 251 0.697630
23 252 0.685534
23 257 0.288262
23 258 0.250000
23 259 0.681025
23 260 0.175212
23 262 0.335516
23 265 0.502586
23 266 0.184735
23 268 0.250000
23 269 0.210492
23 276 0.252075
23 278 0.160731
23 284 0.743910
23 287 0.366638
23 288 0.210492
23 289 0.475429
23 294 0.634071
23 297 0.238727
23 299 0.387372
23 302 0.248597
23 309 0.314466
23 312 0.191660
23 314 0.386725
23 315 0.137731
23 319 0.651231
23 320 0.301505
23 321 0.466504
23 326 0.273401
23 327 0.256090
23 328 0.500000
23 333 0.283194
23 335 0.190483
23 338 0.497414
23 342 0.420195
23 349 0.250000
23 351 0.158031
23 353 0.297266
23 363 0.348769
23 373 0.263859
23 378 0.749013
23 382 0.144979
23 383 0.464607
23 384 0.545971
23 385 0.380204
23 387 0.536253
23 393 0.202085
23 397 0.710544
23 398 0.207898
23 399 0.280303
24 1 0.470920
24 2 0.372747
24 4 0.180857
24 6 0.225502
24 7 0.162275
24 8 0.495641
24 9 0.140763
24 10 0.124734
24 15 0.243040
24 16 0.201234
24 17 0.509159
24 18 0.277716
24 23 0.286877
24 31 0.216488
24 33 0.500000
24 36 0.150496
24 37 0.365221
24 38 0.621707
24 42 0.425482
24 43 0.187100
24 44 0.179101
24 45 0.095149
24 46 0.549750
24 48 0.216488
24 51 0.654653
24 54 0.249096
24 55 0.375000
24 56 0.214067
24 59 0.303697
24 60 0.197537
24 63 0.210772
24 68 0.375000
24 73 0.239856
24 76 0.131399
24 78 0.175637
24 79 0.614073
24 87 0.345347
24 89 0.124734
24 91 0.103693
24 92 0.302483
24 94 0.812900
24 97 0.294198
24 100 0.375000
24 101 0.294198
24 102 0.180857
24 103 0.785933
24 107 0.200779
24 112 0.548974
24 113 0.552715
24 115 0.464161
24 119 0.200779
24 122 0.150496
24 129 0.297368
24 130 0.229169
24 133 0.271346
24 134 0.283549
24 135 0.344956
24 136 0.212749
24 137 0.210772
24 138 0.301288
24 140 0.373729
24 147 0.265038
24 148 0.187181
24 151 0.500000
24 152 0.500000
24 158 0.150496
24 162 0.828367
24 166 0.500000
24 170 0.360315
24 171 0.194994
24 173 0.500000
24 175 0.225501
24 176 0.311273
24 177 0.123194
24 180 0.252290
24 182 0.375000
24 186 0.135393
24 187 0.837725
24 188 0.688700
24 195 0.147655
24 199 0.148843
24 211 0.192546
24 213 0.728702
24 215 0.175637
24 221 0.140727
24 222 0.216488
24 225 0.451026
24 228 0.500000
24 229 0.291610
24 234 0.175637
24 239 0.750000
24 241 0.483219
24 248 0.356667
24 249 0.311300
24 250 0.175637
24 251 0.696303
24 252 1.000000
24 257 0.450250
24 258 0.250000
24 259 0.655044
24 260 0.165407
24 262 0.344395
24 265 0.495916
24 266 0.180857
24 269 0.210772
24 276 0.256918
24 278 0.149796
24 284 0.750000
24 287 0.378293
24 288 0.156913
24 289 0.424722
24 297 0.235666
24 299 0.399549
24 302 0.239065
24 312 0.178904
24 314 0.386405
24 315 0.142222
24 319 0.659798
24 320 0.297368
24 321 0.500000
24 327 0.250000
24 328 0.500000
24 333 0.286877
24 335 0.200254
24 338 0.504084
24 342 0.421636
24 349 0.368339
24 351 0.210772
24 353 0.229014
24 363 0.340202
24 373 0.260250
24 378 0.750904
24 382 0.150201
24 383 0.490841
24 384 0.601229
24 385 0.386415
24 387 0.548974
24 393 0.171633
24 397 0.708390
24 399 0.267092
25 1 0.475721
25 2 0.186133
25 4 0.181776
25 6 0.217086
25 7 0.153884
25 8 0.553201
25 9 0.122015
25 10 0.128905
25 15 0.176966
25 16 0.220047
25 17 0.572183
25 18 0.208119
25 20 0.214761
25 23 0.308817
25 31 0.223581
25 33 0.500000
25 36 0.155882
25 37 0.365234
25 38 0.627410
25 42 0.426965
25 43 0.192455
25 44 0.187389
25 45 0.086244
25 46 0.414550
25 48 0.223581
25 51 0.660888
25 54 0.186133
25 55 0.303335
25 56 0.214384
25 59 0.311198
25 60 0.195929
25 63 0.210772
25 68 0.303335
25 73 0.282244
25 76 0.135093
25 78 0.145272
25 79 0.614068
25 87 0.339112
25 89 0.128905
25 91 0.105720
25 92 0.353081
25 94 0.807545
25 97 0.294843
25 100 0.375000
25 101 0.294843
25 102 0.181776
25 103 0.785616
25 107 0.164105
25 112 0.593731
25 113 0.326210
25 115 0.502255
25 119 0.164105
25 122 0.155882
25 129 0.292310
25 130 0.233923
25 133 0.217299
25 134 0.299981
25 135 0.347745
25 136 0.139273
25 137 0.210772
25 138 0.277056
25 140 0.351105
25 141 0.164105
25 147 0.261231
25 148 0.200010
25 150 0.186133
25 151 0.500000
25 152 0.412593
25 158 0.155882
25 162 0.824131
25 166 0.500000
25 170 0.391350
25 171 0.149815
25 172 0.174814
25 173 0.500000
25 175 0.217086
25 176 0.287192
25 177 0.125021
25 180 0.197764
25 182 0.375000
25 186 0.137687
25 187 0.846114
25 188 0.712808
25 195 0.145272
25 199 0.139038
25 210 0.145272
25 211 0.252672
25 213 0.744865
25 215 0.145272
25 218 0.330826
25 221 0.144516
25 222 0.223581
25 225 0.406269
25 228 0.412593
25 229 0.307526
25 234 0.145272
25 239 0.750000
25 241 0.278698
25 244 0.326210
25 248 0.366179
25 249 0.287165
25 250 0.145272
25 251 0.688802
25 252 1.000000
25 257 0.585449
25 258 0.250000
25 259 0.652255
25 260 0.116196
25 262 0.390724
25 265 0.485649
25 266 0.181776
25 269 0.210772
25 275 0.232409
25 276 0.267171
25 278 0.128370
25 284 0.781483
25 286 0.186133
25 287 0.372590
25 288 0.156913
25 289 0.444666
25 297 0.264063
25 299 0.304388
25 302 0.182357
25 312 0.153390
25 314 0.400425
25 315 0.137095
25 319 0.383193
25 320 0.309250
25 321 0.500000
25 327 0.218517
25 328 0.500000
25 333 0.308817
25 335 0.145543
25 338 0.514351
25 342 0.437280
25 349 0.391350
25 351 0.210772
25 353 0.229019
25 360 0.304388
25 363 0.169637
25 373 0.221587
25 378 0.590626
25 382 0.135507
25 383 0.427816
25 384 0.584024
25 385 0.366650
25 387 0.565828
25 393 0.175869
25 397 0.692474
25 399 0.275528
26 1 0.443913
26 4 0.172760
26 6 0.212133
26 7 0.156466
26 8 0.534784
26 9 0.120214
26 10 0.135841
26 15 0.178654
26 16 0.310953
26 17 0.568652
26 18 0.203770
26 20 0.217743
26 23 0.273478
26 31 0.221867
26 33 0.500000
26 36 0.153929
26 37 0.371226
26 38 0.651311
26 42 0.403540
26 43 0.193485
26 44 0.184963
26 45 0.084358
26 46 0.393166
26 48 0.221867
26 51 0.641310
26 54 0.233531
26 55 0.270894
26 56 0.333350
26 60 0.666650
26 68 0.270894
26 73 0.231777
26 76 0.141921
26 78 0.146078
26 79 0.586976
26 87 0.358690
26 89 0.135841
26 91 0.102914
26 92 0.310980
26 94 0.806515
26 102 0.172760
26 103 0.666650
26 107 0.164859
26 112 0.602960
26 113 0.289095
26 115 0.707076
26 119 0.164859
26 122 0.153929
26 129 0.300748
26 130 0.237771
26 133 0.229545
26 135 0.396504
26 136 0.162549
26 137 0.271461
26 138 0.245351
26 140 0.465120
26 141 0.164859
26 147 0.248367
26 148 0.273478
26 150 0.233531
26 151 0.500000
26 158 0.153929
26 162 0.825147
26 166 0.500000
26 170 0.385228
26 171 0.132716
26 172 0.255985
26 173 0.500000
26 175 0.212133
26 176 0.281719
26 177 0.121688
26 180 0.289095
26 182 0.666667
26 186 0.172760
26 187 0.843534
26 188 0.718281
26 195 0.146078
26 199 0.135931
26 210 0.146078
26 211 0.254553
26 213 1.000000
26 215 0.146078
26 218 0.360680
26 221 0.153001
26 222 0.221867
26 225 0.397040
26 228 0.744015
26 229 0.302668
26 234 0.146078
26 239 0.666667
26 241 0.255985
26 244 0.289095
26 248 0.402944
26 249 0.281719
26 250 0.146078
26 251 1.000000
26 252 1.000000
26 257 0.606834
26 258 0.333333
26 259 0.603496
26 260 0.136860
26 262 0.333878
26 265 0.396504
26 266 0.172760
26 269 0.271461
26 275 0.222175
26 276 0.293952
26 278 0.123531
26 284 0.797774
26 286 0.233531
26 287 0.348689
26 288 0.185618
26 289 0.472929
26 297 0.333878
26 299 0.500104
26 302 0.179566
26 312 0.159546
26 314 0.411630
26 315 0.128473
26 319 0.353109
26 320 0.330616
26 321 0.500000
26 327 0.202226
26 328 0.500000
26 333 0.273478
26 335 0.144385
26 338 0.603496
26 342 0.413642
26 349 0.385228
26 351 0.271461
26 353 0.227406
26 360 0.292924
26 363 0.206972
26 378 0.599171
26 382 0.130599
26 383 0.431348
26 385 0.303104
26 387 0.575734
26 393 0.174853
26 397 0.697332
26 399 0.304639
27 1 0.385355
27 4 0.145469
27 6 0.212685
27 7 0.167002
27 8 0.599191
27 9 0.116510
27 10 0.140789
27 13 0.209048
27 15 0.160237
27 16 0.321875
27 17 0.586778
27 18 0.258376
27 20 0.212503
27 23 0.269455
27 31 0.233350
27 33 0.385254
27 36 0.131304
27 37 0.411865
27 38 0.619673
27 42 0.411049
27 43 0.204146
27 44 0.188470
27 45 0.077747
27 46 0.402919
27 48 0.190294
27 51 0.643137
27 54 0.231727
27 55 0.268290
27 56 0.333333
27 60 0.666667
27 67 0.553742
27 68 0.268290
27 73 0.237294
27 76 0.136284
27 77 0.249024
27 78 0.153438
27 79 0.569463
27 87 0.356863
27 89 0.140789
27 91 0.095091
27 92 0.321875
27 94 0.795854
27 102 0.145469
27 103 0.666667
27 106 0.356526
27 107 0.167002
27 112 0.645560
27 113 0.290702
27 115 0.680761
27 119 0.167002
27 122 0.155348
27 129 0.285524
27 130 0.232080
27 133 0.223110
27 135 0.371504
27 136 0.167103
27 137 0.209048
27 138 0.228357
27 140 0.393597
27 141 0.167002
27 147 0.167326
27 148 0.269455
27 150 0.231727
27 151 0.614746
27 158 0.166606
27 162 0.818240
27 166 0.500000
27 170 0.388445
27 171 0.127893
27 172 0.240254
27 173 0.500000
27 175 0.212685
27 176 0.221993
27 177 0.108475
27 180 0.290702
27 182 0.522310
27 183 0.356324
27 186 0.136812
27 187 0.785976
27 188 0.421683
27 195 0.153438
27 199 0.137467
27 210 0.153438
27 211 0.274582
27 212 0.730677
27 213 0.908541
27 215 0.121164
27 218 0.269323
27 221 0.154079
27 222 0.233350
27 225 0.354440
27 228 0.719334
27 229 0.233706
27 234 0.133556
27 239 0.522310
27 241 0.280666
27 244 0.290702
27 248 0.269038
27 249 0.276498
27 250 0.153438
27 251 0.999981
27 252 0.997615
27 257 0.597081
27 258 0.477690
27 259 0.628496
27 260 0.137717
27 262 0.357371
27 265 0.503617
27 266 0.145469
27 269 0.209048
27 275 0.225883
27 276 0.361851
27 278 0.131529
27 284 0.776741
27 286 0.231727
27 287 0.281818
27 288 0.163807
27 289 0.457423
27 297 0.254593
27 299 0.476536
27 302 0.191634
27 312 0.161468
27 314 0.426556
27 315 0.129660
27 319 0.357389
27 320 0.339465
27 321 0.500000
27 327 0.223166
27 328 0.500000
27 333 0.269455
27 335 0.137736
27 337 0.281818
27 338 0.496383
27 342 0.468778
27 343 0.145469
27 349 0.388445
27 351 0.209048
27 353 0.266730
27 360 0.319239
27 363 0.204225
27 364 0.446258
27 368 0.383147
27 378 0.613880
27 382 0.127698
27 383 0.413222
27 385 0.369109
27 387 0.574629
27 393 0.181538
27 397 0.383147
27 399 0.309228
28 1 0.475820
28 4 0.157273
28 6 0.219684
28 7 0.176056
28 8 0.566956
28 9 0.152254
28 10 0.126602
28 13 0.210987
28 15 0.202715
28 16 0.371954
28 17 0.521106
28 18 0.214648
28 20 0.210212
28 23 0.269176
28 31 0.223167
28 36 0.150200
28 37 0.416731
28 38 0.773035
28 42 0.393645
28 43 0.223028
28 44 0.179257
28 46 0.411039
28 48 0.223167
28 51 0.618987
28 54 0.317790
28 55 0.270348
28 56 0.371954
28 60 0.628046
28 67 0.666924
28 68 0.270349
28 73 0.189354
28 78 0.150230
28 79 0.598136
28 87 0.381013
28 89 0.126602
28 91 0.104656
28 94 0.776972
28 102 0.157272
28 103 0.628046
28 106 0.381013
28 107 0.223897
28 112 1.000000
28 113 0.276015
28 115 0.707314
28 119 0.223897
28 122 0.150121
28 129 0.324451
28 130 0.225342
28 133 0.223875
28 135 0.805838
28 136 0.203643
28 137 0.210987
28 138 0.456093
28 140 0.452884
28 141 0.223897
28 147 0.181422
28 148 0.269176
28 150 0.317790
28 151 1.000000
28 158 0.150200
28 162 0.824376
28 166 0.500000
28 170 0.374652
28 171 0.171954
28 172 0.257496
28 173 0.666924
28 175 0.219684
28 176 0.216247
28 177 0.109067
28 180 0.276015
28 182 0.502988
28 183 0.391608
28 186 0.157186
28 187 0.823944
28 188 0.392145
28 195 0.150230
28 199 0.146282
28 210 0.150230
28 211 0.312823
28 212 0.664612
28 213 0.805838
28 215 0.116000
28 218 0.335388
28 221 0.156033
28 222 0.223167
28 228 0.742504
28 229 0.229401
28 234 0.150230
28 239 0.502987
28 241 0.257490
28 244 0.276015
28 248 0.270312
28 249 0.355838
28 250 0.150230
28 251 1.000000
28 252 1.000000
28 257 0.588961
28 258 0.497012
28 260 0.160777
28 262 0.314288
28 265 0.357484
28 266 0.157273
28 269 0.210987
28 275 0.221359
28 276 0.371926
28 278 0.132848
28 284 0.798194
28 287 0.226965
28 288 0.156050
28 289 0.473507
28 297 0.314288
28 299 0.498439
28 302 0.192474
28 312 0.154874
28 314 0.355838
28 315 0.156777
28 319 0.359555
28 320 0.325418
28 321 0.500000
28 327 0.201806
28 333 0.269175
28 337 0.321300
28 338 0.642516
28 342 0.482109
28 343 0.157273
28 349 0.401474
28 351 0.210987
28 353 0.245814
28 360 0.292686
28 363 0.208875
28 364 0.333076
28 368 0.385300
28 378 0.575926
28 382 0.149993
28 383 0.478894
28 385 0.357762
28 387 0.560632
28 393 0.175624
28 397 0.385300
28 399 0.301644
29 1 0.451644
29 4 0.159096
29 6 0.200072
29 7 0.192327
29 8 0.576586
29 9 0.150876
29 10 0.129681
29 13 0.210492
29 15 0.216041
29 16 0.391292
29 17 0.555852
29 18 0.187789
29 20 0.312475
29 23 0.265972
29 31 0.179083
29 36 0.152564
29 37 0.408995
29 38 0.794812
29 42 0.303140
29 43 0.227294
29 44 0.169574
29 46 0.264712
29 48 0.179083
29 51 0.540071
29 54 0.268119
29 55 0.219446
29 56 0.391292
29 60 0.608708
29 67 0.674595
29 68 0.292402
29 73 0.152375
29 78 0.152439
29 79 0.593342
29 87 0.459928
29 89 0.129681
29 91 0.106486
29 93 0.290335
29 94 0.772706
29 102 0.159096
29 103 0.608708
29 106 0.459929
29 107 0.226562
29 112 0.999483
29 113 0.276754
29 115 0.703554
29 119 0.210847
29 122 0.150083
29 129 0.280039
29 130 0.236932
29 133 0.287125
29 135 0.864605
29 136 0.188895
29 137 0.210492
29 138 0.438967
29 140 0.290336
29 141 0.219389
29 147 0.195184
29 148 0.265972
29 150 0.381532
29 151 1.000000
29 158 0.152564
29 162 0.774126
29 166 0.629315
29 170 0.356437
29 171 0.169739
29 172 0.279471
29 173 0.674595
29 175 0.246227
29 176 0.221597
29 177 0.100731
29 180 0.276754
29 182 0.318945
29 183 0.380998
29 186 0.156399
29 187 0.807673
29 188 0.397404
29 195 0.152439
29 199 0.142713
29 210 0.152439
29 211 0.322019
29 212 0.669561
29 213 0.852020
29 215 0.124558
29 218 0.330439
29 221 0.147194
29 222 0.179083
29 228 0.720311
29 229 0.234519
29 234 0.152439
29 239 0.415500
29 241 0.279689
29 244 0.276754
29 248 0.335567
29 249 0.334936
29 250 0.152439
29 251 0.999982
29 252 1.000000
29 253 0.900731
29 257 0.234905
29 258 0.455180
29 260 0.161454
29 262 0.235581
29 265 0.313466
29 266 0.159096
29 269 0.210492
29 270 0.789117
29 271 0.212889
29 275 0.193986
29 276 0.397481
29 278 0.113246
29 284 0.791319
29 287 0.205188
29 288 0.158031
29 289 0.291806
29 290 0.147980
29 297 0.235581
29 299 0.485370
29 302 0.202083
29 312 0.135687
29 314 0.394759
29 315 0.128160
29 319 0.275355
29 320 0.406132
29 321 0.370685
29 326 0.305603
29 327 0.208681
29 333 0.265972
29 334 0.780554
29 337 0.264061
29 338 0.491754
29 342 0.461237
29 343 0.159096
29 348 0.225874
29 349 0.356437
29 351 0.210492
29 353 0.248627
29 360 0.296446
29 363 0.218184
29 364 0.325405
29 368 0.370172
29 374 0.291806
29 375 0.194780
29 378 0.589973
29 382 0.142713
29 383 0.444148
29 385 0.266952
29 387 0.553701
29 393 0.179083
29 397 0.395309
29 399 0.317166
30 4 0.176443
30 6 0.215900
30 7 0.207332
30 8 0.570261
30 9 0.207333
30 10 0.127437
30 13 0.271714
30 15 0.224215
30 16 0.371954
30 17 0.503392
30 18 0.212483
30 20 0.265886
30 23 0.269188
30 36 0.149145
30 37 0.401136
30 38 0.724120
30 42 0.290954
30 43 0.245232
30 44 0.173572
30 46 0.260696
30 48 0.214363
30 51 0.534796
30 54 0.321273
30 55 0.269262
30 56 0.371954
30 60 0.628046
30 67 0.727982
30 68 0.269262
30 73 0.163792
30 78 0.151664
30 79 0.578295
30 87 0.465199
30 89 0.127437
30 93 0.317206
30 94 0.754768
30 102 0.176443
30 103 0.628046
30 106 0.465204
30 107 0.207333
30 112 0.999974
30 113 0.276015
30 115 0.705155
30 119 0.170670
30 122 0.149145
30 129 0.338663
30 130 0.243847
30 133 0.286854
30 135 0.875575
30 136 0.198572
30 137 0.271714
30 138 0.456093
30 140 0.317206
30 141 0.207332
30 147 0.208530
30 148 0.269188
30 150 0.321273
30 158 0.149145
30 162 0.593378
30 166 0.500000
30 170 0.354848
30 171 0.171954
30 172 0.260107
30 173 1.000000
30 175 0.213193
30 176 0.216641
30 177 0.117787
30 180 0.276015
30 183 0.391680
30 186 0.176443
30 188 0.391680
30 195 0.151664
30 199 0.148544
30 210 0.151664
30 211 0.363259
30 212 0.665027
30 213 0.829646
30 215 0.128169
30 218 0.334973
30 221 0.153487
30 222 0.214363
30 228 0.739893
30 229 0.231167
30 234 0.151664
30 239 0.406628
30 241 0.260107
30 244 0.276015
30 248 0.243572
30 249 0.354320
30 250 0.151664
30 251 1.000000
30 252 1.000000
30 253 1.000000
30 257 0.233488
30 258 0.593372
30 260 0.158882
30 265 0.314919
30 266 0.176443
30 270 0.829322
30 271 0.310112
30 275 0.209510
30 276 0.554632
30 278 0.113511
30 284 0.798631
30 287 0.275880
30 288 0.184858
30 289 0.297768
30 290 0.170348
30 297 0.310112
30 299 0.506718
30 302 0.192437
30 312 0.186564
30 314 0.354320
30 315 0.167294
30 319 0.326168
30 320 0.338663
30 321 0.500000
30 326 0.312544
30 327 0.201369
30 333 0.269188
30 337 0.272018
30 338 0.491809
30 342 0.471339
30 343 0.176443
30 348 0.406622
30 349 0.358298
30 351 0.271714
30 353 0.236847
30 360 0.294845
30 363 0.198437
30 368 0.380073
30 374 0.297768
30 375 0.193271
30 378 0.566275
30 382 0.149145
30 383 0.496608
30 385 0.201795
30 387 0.570907
30 393 0.214363
30 397 0.388760
30 399 0.312019
31 4 0.183891
31 6 0.201427
31 7 0.172907
31 8 0.386588
31 9 0.172907
31 10 0.142704
31 13 0.271868
31 15 0.139839
31 16 0.318484
31 17 0.500260
31 18 0.204683
31 20 0.284234
31 23 0.273298
31 36 0.142927
31 37 0.420293
31 38 0.802786
31 42 0.265655
31 43 0.195966
31 44 0.164216
31 46 0.245641
31 47 0.238937
31 48 0.204879
31 51 0.522545
31 54 0.328250
31 55 0.266667
31 56 0.333334
31 60 0.666666
31 67 0.802786
31 68 0.266667
31 73 0.162505
31 78 0.154652
31 79 0.573127
31 87 0.477455
31 89 0.142704
31 92 0.318485
31 93 0.314931
31 94 0.804034
31 95 0.643876
31 102 0.183891
31 103 0.666666
31 106 0.477440
31 107 0.172907
31 112 1.000000
31 113 0.283351
31 115 0.706730
31 119 0.135466
31 122 0.142927
31 126 0.174949
31 129 0.335757
31 130 0.256878
31 133 0.289173
31 135 0.498636
31 136 0.177519
31 137 0.271868
31 138 0.213085
31 140 0.314931
31 141 0.172907
31 147 0.161179
31 148 0.273298
31 150 0.328250
31 158 0.142927
31 162 0.600309
31 164 0.261440
31 166 0.412526
31 170 0.355282
31 171 0.149946
31 172 0.266667
31 173 1.000000
31 175 0.201427
31 176 0.166791
31 177 0.121395
31 180 0.283351
31 183 0.277736
31 186 0.183891
31 188 0.277736
31 195 0.154652
31 199 0.142884
31 210 0.154652
31 211 0.259121
31 212 0.684833
31 213 0.780787
31 215 0.122873
31 218 0.315167
31 221 0.176052
31 222 0.204879
31 228 0.699955
31 229 0.196957
31 234 0.154652
31 239 0.399687
31 241 0.300045
31 244 0.283351
31 248 0.182953
31 249 0.357195
31 250 0.154652
31 251 1.000000
31 252 1.000000
31 253 1.000000
31 257 0.291008
31 258 0.600309
31 260 0.165981
31 265 0.413355
31 266 0.183891
31 270 0.625597
31 271 0.315167
31 274 0.277736
31 275 0.162218
31 276 0.609415
31 278 0.103868
31 284 0.800000
31 287 0.197214
31 288 0.184397
31 289 0.315238
31 290 0.204415
31 297 0.334197
31 299 0.501288
31 302 0.180105
31 305 0.219213
31 308 0.259121
31 312 0.180947
31 314 0.357195
31 315 0.145953
31 319 0.348106
31 320 0.335757
31 321 0.412526
31 326 0.291934
31 327 0.200000
31 333 0.273298
31 335 0.172907
31 337 0.197214
31 338 0.415229
31 342 0.417548
31 343 0.143039
31 348 0.399691
31 349 0.355544
31 351 0.271868
31 353 0.242476
31 360 0.293270
31 363 0.205442
31 368 0.401522
31 374 0.315239
31 375 0.171417
31 378 0.303781
31 382 0.142927
31 383 0.499740
31 385 0.207632
31 387 0.597146
31 389 0.501364
31 393 0.204879
31 397 0.401522
31 399 0.415661
32 4 0.183510
32 6 0.187489
32 7 0.174692
32 9 0.174692
32 10 0.127265
32 13 0.277778
32 15 0.161858
32 16 0.330646
32 17 0.518582
32 18 0.212902
32 20 0.242820
32 36 0.150975
32 38 0.818355
32 43 0.192337
32 44 0.155892
32 46 0.234783
32 47 0.414367
32 48 0.279217
32 51 0.497728
32 54 0.287445
32 55 0.273053
32 56 0.500000
32 60 0.500000
32 67 0.818355
32 68 0.273053
32 73 0.168066
32 78 0.147613
32 79 0.416667
32 87 0.502272
32 89 0.127265
32 92 0.310944
32 93 0.312047
32 94 0.807663
32 95 0.647022
32 102 0.183510
32 106 0.502272
32 107 0.174692
32 112 1.000000
32 113 0.283868
32 115 0.500000
32 119 0.126541
32 122 0.150975
32 126 0.210506
32 129 0.335592
32 130 0.267830
32 133 0.287368
32 135 0.377522
32 136 0.269249
32 137 0.277778
32 138 0.210015
32 140 0.312047
32 141 0.174692
32 147 0.233466
32 148 0.385038
32 150 0.287445
32 158 0.150975
32 162 0.616594
32 164 0.233466
32 166 0.394747
32 170 0.356315
32 171 0.148395
32 172 0.250542
32 173 1.000000
32 175 0.187489
32 176 0.189167
32 177 0.122997
32 180 0.283868
32 183 0.270278
32 186 0.183510
32 188 0.270278
32 195 0.147613
32 199 0.146730
32 210 0.147613
32 211 0.252456
32 212 0.693368
32 213 0.793451
32 215 0.114322
32 218 0.306632
32 221 0.201300
32 222 0.279217
32 228 0.749458
32 229 0.316384
32 234 0.147613
32 239 0.383406
32 241 0.250542
32 244 0.283868
32 248 0.169779
32 249 0.348114
32 250 0.147613
32 251 1.000000
32 252 1.000000
32 253 1.000000
32 257 0.207474
32 258 0.616594
32 260 0.155861
32 265 0.543719
32 266 0.183510
32 270 0.459092
32 271 0.306631
32 274 0.270278
32 275 0.176613
32 276 0.622381
32 278 0.147613
32 284 0.796647
32 287 0.181645
32 288 0.166667
32 289 0.810372
32 290 0.206537
32 297 0.339573
32 302 0.229924
32 308 0.252456
32 312 0.235029
32 314 0.372997
32 315 0.140893
32 319 0.290283
32 320 0.340480
32 321 0.394747
32 326 0.278871
32 327 0.203353
32 333 0.385038
32 335 0.174692
32 337 0.181645
32 342 0.456280
32 343 0.142963
32 348 0.383406
32 349 0.356317
32 351 0.277778
32 353 0.416667
32 360 0.500000
32 363 0.290283
32 368 0.341808
32 375 0.278871
32 378 0.451023
32 382 0.145815
32 383 0.481418
32 385 0.207841
32 387 0.625022
32 389 0.622478
32 397 0.341808
32 399 0.354553
33 4 0.181237
33 6 0.183299
33 7 0.156418
33 9 0.138160
33 10 0.134968
33 13 0.276761
33 15 0.188845
33 16 0.310476
33 17 0.492531
33 18 0.197783
33 20 0.253079
33 35 0.158935
33 36 0.148479
33 38 0.801010
33 43 0.224419
33 44 0.159174
33 46 0.241548
33 47 0.430780
33 48 0.215735
33 51 0.255183
33 54 0.246496
33 55 0.275084
33 56 0.354333
33 60 0.645667
33 67 0.801010
33 68 0.275084
33 73 0.172629
33 78 0.145957
33 79 0.391490
33 83 0.253390
33 87 0.744817
33 89 0.134968
33 92 0.310440
33 93 0.310769
33 94 0.775581
33 95 0.595904
33 102 0.181237
33 103 0.645667
33 106 0.380489
33 107 0.156418
33 112 1.000000
33 113 0.230996
33 115 0.398726
33 119 0.116267
33 122 0.142646
33 126 0.201815
33 129 0.362873
33 130 0.254493
33 133 0.306192
33 135 0.418038
33 136 0.239780
33 137 0.276761
33 138 0.246639
33 140 0.310769
33 141 0.156418
33 147 0.201066
33 148 0.407626
33 150 0.204010
33 156 0.364328
33 158 0.148479
33 160 0.174567
33 162 0.447422
33 164 0.216365
33 166 0.272397
33 170 0.346669
33 171 0.132445
33 172 0.255714
33 173 1.000000
33 175 0.183298
33 176 0.198809
33 177 0.126211
33 180 0.230996
33 183 0.277167
33 186 0.172622
33 188 0.234086
33 195 0.145957
33 198 0.203638
33 199 0.145863
33 210 0.145957
33 211 0.192014
33 212 0.692361
33 213 0.659715
33 215 0.145957
33 218 0.307639
33 221 0.219735
33 222 0.215735
33 228 0.708653
33 229 0.329424
33 234 0.145957
33 236 0.466994
33 239 0.393643
33 241 0.291347
33 244 0.230996
33 248 0.184589
33 249 0.298920
33 250 0.124256
33 251 1.000000
33 252 1.000000
33 253 1.000000
33 257 0.225790
33 258 0.606357
33 260 0.150780
33 264 0.685868
33 265 0.620475
33 266 0.181237
33 270 0.452951
33 271 0.307639
33 274 0.289936
33 275 0.206185
33 276 0.609578
33 278 0.145957
33 283 0.138160
33 284 0.805882
33 287 0.198990
33 288 0.169716
33 289 0.533006
33 290 0.165709
33 297 0.349143
33 302 0.203231
33 308 0.249288
33 312 0.199182
33 314 0.415695
33 315 0.145434
33 319 0.280419
33 320 0.313717
33 321 0.272397
33 326 0.266331
33 327 0.194118
33 333 0.389144
33 335 0.138160
33 337 0.198990
33 342 0.379525
33 343 0.157457
33 348 0.393643
33 349 0.347139
33 351 0.276761
33 353 0.438794
33 360 0.601274
33 363 0.260317
33 368 0.356453
33 372 0.686283
33 375 0.266331
33 378 0.403155
33 382 0.144596
33 383 0.507468
33 385 0.205833
33 387 0.633403
33 389 0.581962
33 397 0.314123
33 399 0.421666
34 4 0.187176
34 6 0.182724
34 7 0.159119
34 9 0.137545
34 10 0.149109
34 13 0.273775
34 15 0.176408
34 16 0.301470
34 17 0.506134
34 18 0.196544
34 20 0.246468
34 35 0.213455
34 36 0.135101
34 38 0.864899
34 43 0.228321
34 44 0.150351
34 46 0.218116
34 47 0.418198
34 48 0.267790
34 51 0.268975
34 54 0.466836
34 56 0.432946
34 60 0.567054
34 67 0.762321
34 68 0.479187
34 73 0.233219
34 78 0.145044
34 79 0.316328
34 83 0.215702
34 87 0.731020
34 89 0.149109
34 92 0.301470
34 93 0.391398
34 94 0.771679
34 95 0.587125
34 102 0.187176
34 103 0.567054
34 106 0.425521
34 107 0.159119
34 112 1.000000
34 113 0.295397
34 115 0.383473
34 119 0.118443
34 122 0.133996
34 126 0.199292
34 129 0.357122
34 130 0.256607
34 133 0.294382
34 135 0.443145
34 137 0.273775
34 138 0.247859
34 140 0.375383
34 141 0.159119
34 147 0.266999
34 148 0.474665
34 150 0.319710
34 156 0.305504
34 158 0.160111
34 160 0.260004
34 162 0.393274
34 164 0.257644
34 166 0.292503
34 170 0.370306
34 171 0.149201
34 172 0.302624
34 173 0.999914
34 175 0.182724
34 176 0.359797
34 177 0.123505
34 180 0.295397
34 183 0.640203
34 186 0.149952
34 195 0.145044
34 198 0.223391
34 199 0.135831
34 210 0.145044
34 211 0.204781
34 212 0.693696
34 213 0.722542
34 215 0.145044
34 218 0.306304
34 221 0.227593
34 222 0.267790
34 228 0.685827
34 229 0.581785
34 234 0.145044
34 236 0.556855
34 239 0.402201
34 241 0.314173
34 248 0.237678
34 249 0.363072
34 250 0.129734
34 251 0.821530
34 252 1.000000
34 253 1.000000
34 257 0.240624
34 258 0.597799
34 264 0.581787
34 265 0.705176
34 266 0.187176
34 270 0.463352
34 271 0.306302
34 275 0.209790
34 276 0.762322
34 278 0.145044
34 283 0.129109
34 284 0.781812
34 288 0.178674
34 289 0.443145
34 297 0.352384
34 302 0.182979
34 308 0.245719
34 312 0.241030
34 314 0.363072
34 315 0.144770
34 319 0.315688
34 320 0.409659
34 321 0.292503
34 326 0.270631
34 327 0.218188
34 333 0.342354
34 335 0.137545
34 337 0.237679
34 342 0.294824
34 343 0.165016
34 348 0.393271
34 349 0.335307
34 351 0.273775
34 353 0.504998
34 360 0.616527
34 363 0.228054
34 372 0.590341
34 375 0.270629
34 378 0.414509
34 382 0.136743
34 383 0.493863
34 387 0.634551
34 389 0.556855
34 397 0.418213
34 399 0.345378
35 4 0.166690
35 6 0.151148
35 7 0.143863
35 9 0.138478
35 10 0.152694
35 13 0.211981
35 15 0.168313
35 16 0.290937
35 17 0.520513
35 18 0.194535
35 20 0.158161
35 35 0.221234
35 36 0.138306
35 38 0.861694
35 43 0.219195
35 44 0.135188
35 46 0.145076
35 47 0.438013
35 48 0.258325
35 51 0.249991
35 54 0.490999
35 56 0.446158
35 60 0.553842
35 67 0.750031
35 68 0.492099
35 73 0.255153
35 78 0.152783
35 79 0.309786
35 81 0.211981
35 83 0.208450
35 87 0.749943
35 88 0.238954
35 89 0.152694
35 91 0.083815
35 92 0.290937
35 93 0.372423
35 94 0.695236
35 95 0.574026
35 102 0.166690
35 103 0.553842
35 106 0.375004
35 107 0.172921
35 109 0.273952
35 112 1.000000
35 113 0.312901
35 115 0.273952
35 119 0.123975
35 122 0.134415
35 126 0.208042
35 129 0.349558
35 130 0.192948
35 133 0.232714
35 135 0.346115
35 137 0.211981
35 138 0.267316
35 140 0.372423
35 141 0.172921
35 147 0.256492
35 148 0.418763
35 150 0.287768
35 156 0.375004
35 158 0.164749
35 160 0.223168
35 162 0.402667
35 164 0.243570
35 166 0.291754
35 170 0.393301
35 171 0.150810
35 172 0.293954
35 173 1.000000
35 175 0.151148
35 176 0.368924
35 177 0.121751
35 179 0.362694
35 180 0.313121
35 183 0.631076
35 186 0.135705
35 187 0.856137
35 195 0.152783
35 198 0.301342
35 199 0.127212
35 204 0.282041
35 210 0.152783
35 211 0.172600
35 212 0.695928
35 213 0.776832
35 215 0.152783
35 218 0.304072
35 221 0.176619
35 222 0.258325
35 228 0.661070
35 229 0.341626
35 234 0.152783
35 236 0.708538
35 239 0.376094
35 241 0.338919
35 248 0.249969
35 249 0.291462
35 250 0.128586
35 251 0.730047
35 252 1.000000
35 253 1.000000
35 257 0.261336
35 258 0.623900
35 264 0.683252
35 265 0.705069
35 266 0.166690
35 270 0.438012
35 271 0.304072
35 275 0.240601
35 276 0.750031
35 278 0.107499
35 283 0.109365
35 284 0.786053
35 288 0.152076
35 289 0.291456
35 297 0.364511
35 302 0.162474
35 308 0.219195
35 312 0.182007
35 313 0.192948
35 314 0.451599
35 315 0.136882
35 319 0.360091
35 320 0.395289
35 321 0.291754
35 326 0.298745
35 327 0.213947
35 333 0.418763
35 335 0.138478
35 337 0.249969
35 342 0.294931
35 343 0.158658
35 348 0.376100
35 349 0.373985
35 351 0.211981
35 353 0.538138
35 360 0.452097
35 363 0.241147
35 368 0.341626
35 372 0.365757
35 374 0.238350
35 375 0.294842
35 378 0.383041
35 382 0.129929
35 383 0.479487
35 387 0.697703
35 389 0.414931
35 397 0.316748
35 399 0.336143
36 4 0.165807
36 6 0.163753
36 7 0.145632
36 9 0.140307
36 10 0.184011
36 13 0.212324
36 15 0.169001
36 16 0.290621
36 17 0.500074
36 18 0.227367
36 20 0.157307
36 35 0.237067
36 36 0.151226
36 38 0.848774
36 43 0.221116
36 46 0.141047
36 47 0.433034
36 48 0.314758
36 51 0.249975
36 54 0.441223
36 56 0.423207
36 60 0.576793
36 67 0.773132
36 68 0.470444
36 73 0.252279
36 78 0.153244
36 79 0.330005
36 81 0.212324
36 87 0.749774
36 88 0.303934
36 89 0.184011
36 91 0.085776
36 92 0.290621
36 93 0.373860
36 94 0.698835
36 95 0.575394
36 102 0.165807
36 103 0.576792
36 106 0.375012
36 107 0.175557
36 109 0.274268
36 112 1.000000
36 113 0.304026
36 115 0.274270
36 119 0.125595
36 122 0.152928
36 126 0.231282
36 129 0.356114
36 130 0.218338
36 133 0.226490
36 137 0.212324
36 138 0.266818
36 140 0.373860
36 141 0.175557
36 147 0.262203
36 150 0.321710
36 156 0.375012
36 158 0.184011
36 160 0.225630
36 162 0.393580
36 164 0.252754
36 166 0.427324
36 170 0.500072
36 171 0.151939
36 172 0.308058
36 173 1.000000
36 175 0.181234
36 176 0.423207
36 177 0.118884
36 179 0.341783
36 180 0.318404
36 183 0.576793
36 186 0.140141
36 187 0.854368
36 195 0.153244
36 204 0.254121
36 210 0.153244
36 211 0.172086
36 212 0.646455
36 213 0.774370
36 215 0.153244
36 218 0.353545
36 221 0.218338
36 222 0.314758
36 228 0.691128
36 229 0.566962
36 234 0.153244
36 236 0.677111
36 239 0.369353
36 248 0.258170
36 249 0.322888
36 250 0.127973
36 251 0.905348
36 252 1.000000
36 253 1.000000
36 257 0.316989
36 258 0.630647
36 264 0.695931
36 265 0.775026
36 266 0.165807
36 270 0.441351
36 271 0.320864
36 275 0.226992
36 276 0.741830
36 278 0.105805
36 283 0.097046
36 284 0.778502
36 288 0.150705
36 289 0.322889
36 297 0.320864
36 302 0.419087
36 308 0.221116
36 312 0.221035
36 313 0.218338
36 314 0.558227
36 315 0.130905
36 319 0.332127
36 320 0.391607
36 321 0.341394
36 326 0.316989
36 327 0.221498
36 335 0.140306
36 337 0.226868
36 343 0.157777
36 348 0.369353
36 349 0.273438
36 351 0.212324
36 353 0.519290
36 360 0.451462
36 363 0.283574
36 368 0.433038
36 372 0.304458
36 374 0.229523
36 375 0.224974
36 378 0.372724
36 382 0.143812
36 383 0.499926
36 387 0.655010
36 389 0.696066
36 399 0.576793
37 3 0.565929
37 4 0.149434
37 6 0.159901
37 7 0.127963
37 9 0.142173
37 10 0.151821
37 13 0.213124
37 15 0.169968
37 16 0.216165
37 17 0.555562
37 18 0.214846
37 20 0.160494
37 35 0.227775
37 36 0.156342
37 38 0.815109
37 43 0.189564
37 45 0.074851
37 46 0.140083
37 47 0.392615
37 48 0.314878
37 51 0.249995
37 54 0.310550
37 56 0.268456
37 60 0.731544
37 67 0.836662
37 68 0.504344
37 71 0.325633
37 73 0.245777
37 78 0.153830
37 79 0.373430
37 81 0.213124
37 87 0.749981
37 88 0.249061
37 89 0.151821
37 91 0.085547
37 92 0.216165
37 93 0.377111
37 94 0.810436
37 95 0.536151
37 102 0.149434
37 103 0.339152
37 106 0.375002
37 107 0.149969
37 109 0.237814
37 112 1.000000
37 113 0.291459
37 115 0.334803
37 119 0.114956
37 122 0.143127
37 126 0.182405
37 129 0.320912
37 130 0.213908
37 133 0.259065
37 137 0.213124
37 138 0.216165
37 140 0.377111
37 141 0.149969
37 147 0.217902
37 150 0.461675
37 156 0.375003
37 158 0.156342
37 160 0.244696
37 162 0.386113
37 163 0.216165
37 164 0.237434
37 166 0.341927
37 170 0.438539
37 171 0.135339
37 172 0.240306
37 173 1.000000
37 175 0.206744
37 176 0.395567
37 177 0.104550
37 179 0.233941
37 180 0.328507
37 183 0.604421
37 186 0.137316
37 187 0.872037
37 195 0.153830
37 199 0.117021
37 204 0.246026
37 210 0.153830
37 211 0.194170
37 212 0.673460
37 213 0.755304
37 215 0.153830
37 218 0.326540
37 221 0.205537
37 222 0.284779
37 228 0.434061
37 229 0.607385
37 234 0.153830
37 236 0.662717
37 239 0.291386
37 248 0.196443
37 249 0.337283
37 250 0.138046
37 251 0.999992
37 252 0.674367
37 253 1.000000
37 257 0.277771
37 258 0.371923
37 264 0.708541
37 265 0.743166
37 266 0.149434
37 270 0.492429
37 271 0.324987
37 275 0.197647
37 276 0.803557
37 278 0.092804
37 283 0.097948
37 284 0.744650
37 287 0.184891
37 288 0.147504
37 289 0.223963
37 291 0.233786
37 297 0.326325
37 302 0.458600
37 308 0.226909
37 312 0.194330
37 313 0.213909
37 314 0.558168
37 315 0.133843
37 319 0.279090
37 320 0.401121
37 321 0.249633
37 326 0.325312
37 327 0.255350
37 335 0.142172
37 337 0.163329
37 343 0.149434
37 348 0.386113
37 349 0.302396
37 351 0.213124
37 352 0.226035
37 353 0.479067
37 360 0.427383
37 363 0.362761
37 368 0.392610
37 371 0.392392
37 372 0.349817
37 374 0.215506
37 375 0.256834
37 378 0.449980
37 382 0.123526
37 383 0.444438
37 386 0.336691
37 387 0.633336
37 389 0.750939
37 399 0.604433
38 3 0.537607
38 4 0.146549
38 6 0.157157
38 7 0.163339
38 9 0.202962
38 10 0.146501
38 13 0.213831
38 15 0.168388
38 16 0.216032
38 17 0.500000
38 18 0.206643
38 20 0.162774
38 35 0.219709
38 36 0.125480
38 38 0.874520
38 43 0.180739
38 45 0.085102
38 46 0.136372
38 47 0.377038
38 51 0.249999
38 54 0.277353
38 56 0.254912
38 60 0.745088
38 67 0.827909
38 68 0.487030
38 71 0.298863
38 73 0.174095
38 78 0.184801
38 79 0.407994
38 81 0.213831
38 87 0.749997
38 88 0.475081
38 89 0.146501
38 91 0.088095
38 92 0.216032
38 93 0.412953
38 94 0.819261
38 95 0.448790
38 102 0.146549
38 103 0.357611
38 106 0.375000
38 109 0.218183
38 112 1.000000
38 113 0.302756
38 115 0.357206
38 119 0.142671
38 122 0.142016
38 126 0.248868
38 129 0.300986
38 130 0.210711
38 133 0.259125
38 137 0.213831
38 138 0.216032
38 140 0.412953
38 141 0.202963
38 147 0.259881
38 150 0.502938
38 156 0.375000
38 158 0.146501
38 160 0.246435
38 162 0.390145
38 163 0.216032
38 164 0.334916
38 171 0.135873
38 172 0.238745
38 173 1.000000
38 175 0.210710
38 176 0.526864
38 177 0.098543
38 179 0.224652
38 180 0.314936
38 183 0.473136
38 186 0.142062
38 187 0.836661
38 195 0.184801
38 199 0.146501
38 204 0.259125
38 210 0.184801
38 211 0.193262
38 212 0.682739
38 213 0.753565
38 218 0.317261
38 221 0.210711
38 222 0.500000
38 228 0.462392
38 229 0.622962
38 234 0.184801
38 236 0.684365
38 239 0.288368
38 248 0.233112
38 249 0.315635
38 250 0.159405
38 251 1.000000
38 252 0.701137
38 253 1.000000
38 257 0.287876
38 258 0.383774
38 264 0.697243
38 266 0.146549
38 270 0.480290
38 271 0.317261
38 275 0.180898
38 276 0.766888
38 278 0.101393
38 284 0.725775
38 288 0.144675
38 289 0.224652
38 291 0.224652
38 297 0.338480
38 302 0.476096
38 308 0.231899
38 312 0.182604
38 313 0.210711
38 314 0.585822
38 315 0.137616
38 319 0.256309
38 320 0.524919
38 321 0.418105
38 326 0.287876
38 327 0.274225
38 335 0.202963
38 337 0.172091
38 343 0.146549
38 348 0.390145
38 349 0.500000
38 351 0.213831
38 352 0.333027
38 353 0.447331
38 360 0.424611
38 363 0.400019
38 368 0.377038
38 371 0.387477
38 374 0.224652
38 375 0.287876
38 378 0.401844
38 382 0.146501
38 383 0.500000
38 386 0.327858
38 387 0.618346
38 389 0.524919
39 1 0.425157
39 3 0.537178
39 4 0.143891
39 6 0.156544
39 7 0.180231
39 9 0.149686
39 10 0.128291
39 13 0.213596
39 15 0.135654
39 16 0.223507
39 17 0.351778
39 18 0.212308
39 20 0.166918
39 27 0.609756
39 35 0.219953
39 36 0.112095
39 38 0.887905
39 43 0.188616
39 45 0.089988
39 46 0.125826
39 47 0.430365
39 51 0.253802
39 54 0.275629
39 56 0.223505
39 60 0.776493
39 67 0.833846
39 68 0.482256
39 71 0.296989
39 73 0.172570
39 78 0.157813
39 79 0.429072
39 81 0.213596
39 87 0.746193
39 88 0.487597
39 89 0.128291
39 91 0.090922
39 92 0.215578
39 93 0.339666
39 94 0.811384
39 95 0.445057
39 102 0.143891
39 103 0.286493
39 106 0.384623
39 109 0.209362
39 112 1.000000
39 113 0.220739
39 115 0.395303
39 116 0.639226
39 119 0.179380
39 122 0.125946
39 126 0.184193
39 129 0.315030
39 130 0.210864
39 133 0.262075
39 137 0.213596
39 138 0.215578
39 140 0.339666
39 141 0.169693
39 147 0.234909
39 150 0.504419
39 156 0.361575
39 158 0.128291
39 160 0.185449
39 162 0.390024
39 163 0.231745
39 164 0.299468
39 171 0.113593
39 172 0.240189
39 173 1.000000
39 175 0.210864
39 176 0.518115
39 177 0.099208
39 179 0.226738
39 180 0.240104
39 183 0.481885
39 186 0.144319
39 187 0.819769
39 195 0.157813
39 199 0.128291
39 204 0.262075
39 210 0.157813
39 211 0.200521
39 212 0.704843
39 213 0.814551
39 215 0.137849
39 218 0.295151
39 221 0.210864
39 222 0.500000
39 228 0.462822
39 229 0.569635
39 234 0.157813
39 236 0.705182
39 239 0.272673
39 244 0.240116
39 248 0.299468
39 249 0.294818
39 250 0.137849
39 251 1.000000
39 252 0.703011
39 253 1.000000
39 257 0.242025
39 258 0.363677
39 264 0.779256
39 266 0.143891
39 270 0.390244
39 271 0.295157
39 275 0.140385
39 276 0.425157
39 278 0.093049
39 284 0.722445
39 288 0.145618
39 289 0.226738
39 291 0.226738
39 295 0.302808
39 297 0.353990
39 302 0.492540
39 306 0.191081
39 308 0.245743
39 312 0.183107
39 313 0.210864
39 314 0.605974
39 315 0.138545
39 319 0.261724
39 320 0.512399
39 321 0.470226
39 326 0.242025
39 327 0.277555
39 330 0.332398
39 335 0.231022
39 337 0.166154
39 343 0.143891
39 348 0.390024
39 349 0.500000
39 351 0.213596
39 352 0.345581
39 353 0.425310
39 360 0.395335
39 363 0.430973
39 368 0.430365
39 370 0.125620
39 371 0.298921
39 374 0.226738
39 375 0.242025
39 378 0.236960
39 382 0.123177
39 383 0.315824
39 386 0.363650
39 387 0.607687
39 389 0.512403
39 391 0.148099
40 3 0.510897
40 4 0.150775
40 6 0.153893
40 7 0.160213
40 9 0.197985
40 10 0.130211
40 13 0.212227
40 15 0.135571
40 16 0.233884
40 17 0.559575
40 20 0.232190
40 27 0.585681
40 35 0.220989
40 36 0.113534
40 38 0.886466
40 43 0.188337
40 45 0.085592
40 46 0.143593
40 47 0.425462
40 51 0.250000
40 54 0.268222
40 56 0.370888
40 67 0.830812
40 68 0.558633
40 71 0.303608
40 73 0.218363
40 78 0.155693
40 79 0.324377
40 81 0.212227
40 87 0.750000
40 88 0.510889
40 89 0.130211
40 91 0.084129
40 92 0.210121
40 93 0.602721
40 94 0.811663
40 95 0.430135
40 102 0.150775
40 103 0.258224
40 106 0.375000
40 109 0.206616
40 112 1.000000
40 113 0.223800
40 115 0.395777
40 116 0.761782
40 119 0.160239
40 122 0.112914
40 126 0.181911
40 129 0.292511
40 130 0.211527
40 137 0.212227
40 138 0.210121
40 141 0.197985
40 147 0.254673
40 150 0.510790
40 156 0.375000
40 158 0.130211
40 160 0.185271
40 162 0.389506
40 163 0.233884
40 164 0.340548
40 171 0.111990
40 172 0.207289
40 175 0.211527
40 177 0.099119
40 179 0.238218
40 180 0.239136
40 183 0.850088
40 186 0.128060
40 187 0.839787
40 195 0.155693
40 199 0.130211
40 204 0.391989
40 210 0.155693
40 211 0.197327
40 212 0.611507
40 213 0.814729
40 215 0.134897
40 218 0.388493
40 221 0.211527
40 222 0.500000
40 228 0.489103
40 229 0.574537
40 234 0.155693
40 236 0.692265
40 239 0.268837
40 244 0.239803
40 248 0.235591
40 249 0.307735
40 250 0.134897
40 251 0.850088
40 252 0.696392
40 253 1.000000
40 257 0.225830
40 258 0.366359
40 264 0.776200
40 266 0.150775
40 270 0.414300
40 271 0.381713
40 275 0.146192
40 276 0.764409
40 278 0.107434
40 284 0.765922
40 288 0.151093
40 289 0.307735
40 291 0.346612
40 295 0.303158
40 297 0.468895
40 302 0.611489
40 308 0.245244
40 312 0.232228
40 313 0.211527
40 314 0.593146
40 315 0.149392
40 319 0.282353
40 320 0.489111
40 321 0.454840
40 326 0.225830
40 327 0.234078
40 335 0.197985
40 337 0.169188
40 343 0.150775
40 348 0.389506
40 349 0.500000
40 351 0.212227
40 352 0.363249
40 353 0.524530
40 360 0.397607
40 363 0.339265
40 368 0.425463
40 370 0.130211
40 371 0.370888
40 375 0.225830
40 378 0.233167
40 382 0.122497
40 383 0.440425
40 386 0.364804
40 387 0.564820
40 389 0.489111
40 391 0.178916
41 3 0.525635
41 4 0.150671
41 6 0.158151
41 7 0.167315
41 9 0.189199
41 10 0.130555
41 13 0.173336
41 15 0.133236
41 16 0.236117
41 17 0.571605
41 20 0.263365
41 24 0.300545
41 27 0.582841
41 34 0.182479
41 35 0.175369
41 36 0.113791
41 38 0.886209
41 43 0.201058
41 45 0.087620
41 46 0.131937
41 47 0.420844
41 51 0.209432
41 54 0.321956
41 56 0.373041
41 67 0.819936
41 68 0.322366
41 69 0.398482
41 71 0.349653
41 73 0.197036
41 78 0.155539
41 79 0.334522
41 81 0.173336
41 87 0.790412
41 88 0.571605
41 89 0.130555
41 91 0.082465
41 92 0.207466
41 93 0.632182
41 94 0.798937
41 95 0.406817
41 102 0.150671
41 103 0.253919
41 106 0.279049
41 109 0.210060
41 112 1.000000
41 113 0.228888
41 115 0.355613
41 116 0.760827
41 119 0.161930
41 122 0.112142
41 126 0.179799
41 129 0.201874
41 130 0.209588
41 137 0.173336
41 138 0.207466
41 141 0.209388
41 147 0.261402
41 150 0.502676
41 156 0.279050
41 158 0.130555
41 160 0.163527
41 161 0.509343
41 162 0.236827
41 163 0.236117
41 164 0.310818
41 171 0.112835
41 172 0.175994
41 175 0.212913
41 177 0.100563
41 179 0.239173
41 180 0.247375
41 183 0.795168
41 186 0.126669
41 187 0.832685
41 195 0.155539
41 199 0.130555
41 204 0.367818
41 210 0.155539
41 211 0.192226
41 212 0.252319
41 213 0.482456
41 215 0.135136
41 218 0.349200
41 221 0.206435
41 222 0.409107
41 227 0.232470
41 228 0.474353
41 229 0.579156
41 231 0.174336
41 234 0.155539
41 236 0.695576
41 239 0.269627
41 244 0.247375
41 248 0.247712
41 249 0.304419
41 250 0.135136
41 251 0.795168
41 252 0.650347
41 253 0.831502
41 257 0.174337
41 258 0.365186
41 264 0.771087
41 266 0.150671
41 270 0.417159
41 271 0.238338
41 275 0.145904
41 276 0.752288
41 278 0.107573
41 284 0.820727
41 288 0.133318
41 289 0.304424
41 290 0.354017
41 291 0.348830
41 295 0.305453
41 297 0.606961
41 302 0.650800
41 308 0.236314
41 312 0.236876
41 313 0.212913
41 314 0.595017
41 315 0.154701
41 319 0.279331
41 320 0.300545
41 321 0.437078
41 326 0.174337
41 327 0.179273
41 332 0.168498
41 335 0.184548
41 337 0.180064
41 343 0.150671
41 348 0.236827
41 349 0.590893
41 351 0.173336
41 352 0.383123
41 353 0.532161
41 360 0.434327
41 361 0.173336
41 363 0.311401
41 368 0.420835
41 369 0.322366
41 370 0.130555
41 371 0.373041
41 375 0.174336
41 378 0.235609
41 382 0.121293
41 383 0.428395
41 386 0.365186
41 387 0.614900
41 389 0.428395
41 391 0.170717
42 3 0.511377
42 4 0.146447
42 6 0.163799
42 7 0.171417
42 9 0.204212
42 10 0.130676
42 13 0.166667
42 15 0.168587
42 16 0.318181
42 17 0.621228
42 20 0.250627
42 24 0.300991
42 27 0.565738
42 35 0.202656
42 36 0.113882
42 38 0.886118
42 43 0.432290
42 45 0.087296
42 46 0.129883
42 47 0.404263
42 51 0.216864
42 54 0.251746
42 56 0.361761
42 67 0.821118
42 68 0.314928
42 69 0.659772
42 71 0.331249
42 73 0.199009
42 78 0.146027
42 81 0.166667
42 87 0.783136
42 88 0.621228
42 89 0.130676
42 91 0.100052
42 92 0.239620
42 93 0.609748
42 95 0.743890
42 102 0.146447
42 103 0.276479
42 106 0.282254
42 109 0.256108
42 112 1.000000
42 113 0.194856
42 115 0.353314
42 116 0.828583
42 119 0.161473
42 122 0.117571
42 126 0.187939
42 129 0.199009
42 130 0.216864
42 137 0.166667
42 141 0.171417
42 147 0.231155
42 150 0.545598
42 156 0.282254
42 158 0.130676
42 160 0.166987
42 161 0.621229
42 162 0.296593
42 163 0.318181
42 164 0.340143
42 171 0.124018
42 172 0.180126
42 175 0.227143
42 177 0.096682
42 180 0.257070
42 183 0.999872
42 186 0.130184
42 187 0.828583
42 195 0.146027
42 199 0.130676
42 204 0.390240
42 210 0.146027
42 213 0.476529
42 215 0.146027
42 218 0.340228
42 221 0.165051
42 222 0.414264
42 227 0.218628
42 228 0.488622
42 229 0.595737
42 231 0.174023
42 234 0.146027
42 236 0.640902
42 239 0.333333
42 244 0.257070
42 248 0.249818
42 249 0.351466
42 250 0.146027
42 251 0.999872
42 252 0.668751
42 253 0.795843
42 257 0.174023
42 258 0.333333
42 264 0.805144
42 266 0.146447
42 270 0.434262
42 271 0.378771
42 275 0.135907
42 276 0.750182
42 278 0.123836
42 284 0.809983
42 288 0.166667
42 289 0.359098
42 290 0.356484
42 291 0.517056
42 295 0.276369
42 302 0.659772
42 312 0.229250
42 313 0.227143
42 314 0.551852
42 315 0.299071
42 319 0.267405
42 320 0.300991
42 321 0.587366
42 326 0.174023
42 327 0.190017
42 332 0.204157
42 335 0.204184
42 337 0.178882
42 343 0.146447
42 348 0.296594
42 349 0.585736
42 351 0.166667
42 353 0.603793
42 360 0.390578
42 361 0.166667
42 363 0.346055
42 368 0.404262
42 369 0.314928
42 370 0.130676
42 371 0.361761
42 375 0.174023
42 378 0.231198
42 382 0.115167
42 383 0.378772
42 386 0.333333
42 387 0.587367
42 389 0.378772
42 391 0.174023
43 3 0.432881
43 4 0.147596
43 6 0.151210
43 7 0.175303
43 8 0.357256
43 9 0.182736
43 10 0.116046
43 13 0.146510
43 15 0.164965
43 16 0.314131
43 17 0.605172
43 20 0.272050
43 24 0.244197
43 27 0.477961
43 35 0.221287
43 36 0.116046
43 38 0.702950
43 43 0.426408
43 45 0.088754
43 46 0.131339
43 47 0.285487
43 51 0.218168
43 54 0.294551
43 56 0.264023
43 63 0.148237
43 67 0.822830
43 68 0.312674
43 69 0.582147
43 71 0.308087
43 73 0.158086
43 78 0.149300
43 81 0.148237
43 82 0.116046
43 87 0.781832
43 88 0.605172
43 89 0.116046
43 91 0.098598
43 92 0.246080
43 93 0.615659
43 95 0.730037
43 102 0.147596
43 103 0.207931
43 106 0.278942
43 109 0.269963
43 112 1.000000
43 113 0.194699
43 115 0.301665
43 116 0.824697
43 119 0.192474
43 122 0.103745
43 126 0.168143
43 129 0.158086
43 130 0.218168
43 137 0.146510
43 141 0.175303
43 147 0.254809
43 150 0.484162
43 155 0.195435
43 156 0.278942
43 158 0.094687
43 160 0.166080
43 161 0.605173
43 162 0.298097
43 163 0.314131
43 164 0.322642
43 171 0.125658
43 172 0.190994
43 175 0.232384
43 177 0.094009
43 180 0.256781
43 183 0.978540
43 186 0.128254
43 187 0.824697
43 195 0.149300
43 199 0.116046
43 203 0.243488
43 204 0.384340
43 210 0.149300
43 213 0.470185
43 215 0.149300
43 218 0.417853
43 221 0.165855
43 222 0.423994
43 227 0.223949
43 228 0.500919
43 229 0.357256
43 231 0.173732
43 234 0.149300
43 236 0.706961
43 239 0.336251
43 244 0.256781
43 248 0.245379
43 249 0.293039
43 250 0.149300
43 251 0.978540
43 252 0.448425
43 253 0.817482
43 257 0.173732
43 258 0.336251
43 264 0.805301
43 265 0.432882
43 266 0.147596
43 270 0.522039
43 271 0.394827
43 275 0.128779
43 276 0.511133
43 278 0.104203
43 280 0.297050
43 284 0.816343
43 288 0.148237
43 289 0.293039
43 290 0.363735
43 291 0.344977
43 295 0.269056
43 302 0.582141
43 312 0.212271
43 313 0.232384
43 314 0.612952
43 315 0.310029
43 319 0.247005
43 320 0.244197
43 321 0.448309
43 326 0.173732
43 327 0.183657
43 332 0.182518
43 335 0.185430
43 337 0.177170
43 343 0.147596
43 348 0.298097
43 349 0.576006
43 351 0.148237
43 353 0.579335
43 359 0.494229
43 360 0.428372
43 361 0.114034
43 362 0.264023
43 363 0.352166
43 368 0.448309
43 369 0.312674
43 370 0.116046
43 371 0.264023
43 374 0.257781
43 375 0.173732
43 378 0.269056
43 382 0.105290
43 383 0.394828
43 386 0.327497
43 387 0.448309
43 389 0.394828
43 391 0.173732
44 3 0.427499
44 4 0.169511
44 6 0.233346
44 8 0.333333
44 9 0.490289
44 10 0.112639
44 13 0.142857
44 15 0.157904
44 16 0.289891
44 17 0.506126
44 20 0.300966
44 24 0.247398
44 27 0.406680
44 35 0.300163
44 36 0.112639
44 38 0.500000
44 43 0.373126
44 45 0.147156
44 46 0.137377
44 47 0.333333
44 51 0.207405
44 54 0.279345
44 56 0.265781
44 63 0.142857
44 67 0.820201
44 68 0.314854
44 69 0.879083
44 71 0.317787
44 73 0.156705
44 78 0.149455
44 81 0.142857
44 82 0.112639
44 87 0.792595
44 88 0.506127
44 89 0.112639
44 91 0.102548
44 92 0.285830
44 93 0.660722
44 103 0.202656
44 106 0.280914
44 109 0.286972
44 112 1.000000
44 113 0.192986
44 115 0.286972
44 116 1.000000
44 122 0.099504
44 126 0.166889
44 129 0.156709
44 137 0.142857
44 147 0.249261
44 150 0.420492
44 155 0.191789
44 156 0.280914
44 158 0.112639
44 160 0.165344
44 161 0.506131
44 162 0.478261
44 163 0.289891
44 164 0.318379
44 171 0.134387
44 172 0.190662
44 177 0.100347
44 180 0.253641
44 183 0.853250
44 186 0.141416
44 187 1.000000
44 195 0.149455
44 199 0.112639
44 203 0.237754
44 204 0.339278
44 210 0.149455
44 213 0.474963
44 215 0.149455
44 221 0.252857
44 222 0.417932
44 227 0.230767
44 228 0.491551
44 229 0.333333
44 231 0.172525
44 234 0.149455
44 236 0.679421
44 239 0.333333
44 244 0.253641
44 248 0.252561
44 249 0.320579
44 250 0.149455
44 251 0.853250
44 252 0.444458
44 253 0.778423
44 257 0.172525
44 258 0.333333
44 264 0.807014
44 265 0.427499
44 266 0.169511
44 270 0.593320
44 271 0.493869
44 275 0.127686
44 276 0.509685
44 278 0.103269
44 280 0.500000
44 284 0.820371
44 288 0.142857
44 289 0.320416
44 290 0.359693
44 291 0.334183
44 295 0.273760
44 302 0.853250
44 312 0.222375
44 313 0.513797
44 314 0.579074
44 315 0.366421
44 319 0.239302
44 320 0.247398
44 321 0.427499
44 326 0.172525
44 327 0.179629
44 332 0.221577
44 335 0.362553
44 337 0.179799
44 343 0.169511
44 349 0.582068
44 351 0.142857
44 353 0.497882
44 360 0.426056
44 361 0.142857
44 362 0.265781
44 363 0.332046
44 368 0.427499
44 369 0.314854
44 370 0.112639
44 371 0.265781
44 374 0.242132
44 375 0.172525
44 378 0.273760
44 382 0.112021
44 383 0.493874
44 386 0.333333
44 387 0.427499
44 389 0.493873
44 391 0.172521
45 1 0.472978
45 3 0.488195
45 4 0.169949
45 6 0.246761
45 8 0.333333
45 9 0.163254
45 10 0.112378
45 13 0.142857
45 15 0.167146
45 16 0.301671
45 17 0.554234
45 20 0.265073
45 24 0.235801
45 27 0.445766
45 35 0.242014
45 36 0.112378
45 38 0.500000
45 43 0.343995
45 45 0.114264
45 46 0.140004
45 47 0.333333
45 51 0.204405
45 54 0.315822
45 56 0.217757
45 63 0.142857
45 67 0.825551
45 68 0.297063
45 69 0.874427
45 71 0.292767
45 73 0.159002
45 78 0.129386
45 81 0.142857
45 82 0.112378
45 87 0.795595
45 88 0.554234
45 89 0.112378
45 91 0.115773
45 92 0.266390
45 93 0.634570
45 103 0.195911
45 106 0.275079
45 107 0.249304
45 109 0.286711
45 112 0.500000
45 113 0.193693
45 115 0.286711
45 116 0.625307
45 120 0.656005
45 122 0.106262
45 126 0.172717
45 129 0.159002
45 137 0.142857
45 141 0.223875
45 147 0.227209
45 150 0.442165
45 155 0.210395
45 156 0.275079
45 157 0.593727
45 158 0.112378
45 160 0.166173
45 161 0.554234
45 162 0.331784
45 163 0.301671
45 164 0.276529
45 171 0.130268
45 172 0.210600
45 177 0.103775
45 178 0.500000
45 180 0.254933
45 183 0.437004
45 186 0.156342
45 187 1.000000
45 195 0.129386
45 199 0.112378
45 203 0.314419
45 204 0.365430
45 210 0.129386
45 213 0.477273
45 215 0.129386
45 221 0.254276
45 222 0.413952
45 227 0.245437
45 228 0.496632
45 229 0.333333
45 231 0.138365
45 234 0.129386
45 236 0.690727
45 239 0.333333
45 242 0.129386
45 244 0.254933
45 248 0.321813
45 249 0.309273
45 250 0.129386
45 251 1.000000
45 252 0.392814
45 253 0.814321
45 257 0.180408
45 258 0.333333
45 264 0.806307
45 265 0.488198
45 266 0.169949
45 270 0.554234
45 271 0.445766
45 275 0.125586
45 276 0.363768
45 278 0.094295
45 280 0.500000
45 284 0.804727
45 288 0.142857
45 289 0.309273
45 290 0.356554
45 291 0.347670
45 295 0.267275
45 302 0.999996
45 306 0.150818
45 310 0.562996
45 312 0.229494
45 313 0.498963
45 314 0.586952
45 315 0.373085
45 319 0.236898
45 320 0.235801
45 321 0.488198
45 326 0.180408
45 327 0.195273
45 332 0.185679
45 335 0.249304
45 337 0.174449
45 343 0.169949
45 348 0.240523
45 349 0.586048
45 351 0.142857
45 353 0.518515
45 360 0.426579
45 361 0.142857
45 362 0.217757
45 363 0.372443
45 368 0.343995
45 369 0.297063
45 370 0.112378
45 371 0.217757
45 374 0.248763
45 375 0.180408
45 378 0.267275
45 382 0.107094
45 383 0.445766
45 386 0.333333
45 387 0.267908
45 389 0.445766
45 391 0.180408
46 1 0.520521
46 3 0.562342
46 4 0.205738
46 6 0.303951
46 8 0.333333
46 9 0.172070
46 10 0.128123
46 13 0.146199
46 15 0.155496
46 16 0.301384
46 17 0.552841
46 20 0.231919
46 24 0.217221
46 27 0.447158
46 35 0.199168
46 36 0.128123
46 43 0.376432
46 45 0.119017
46 46 0.138046
46 47 0.333333
46 51 0.204296
46 54 0.338661
46 56 0.274461
46 63 0.146199
46 67 0.722381
46 68 0.443328
46 69 1.000000
46 71 0.280761
46 73 0.174169
46 78 0.149723
46 81 0.146199
46 82 0.128123
46 87 0.795704
46 88 0.552841
46 89 0.128123
46 91 0.134563
46 92 0.266985
46 93 0.640134
46 103 0.274461
46 106 0.274869
46 107 0.257040
46 109 0.319936
46 112 0.500000
46 113 0.193355
46 115 0.319936
46 116 0.628550
46 120 0.623512
46 122 0.128123
46 126 0.195932
46 129 0.174170
46 137 0.146199
46 141 0.194834
46 147 0.307732
46 150 0.462170
46 155 0.217221
46 156 0.274869
46 157 0.852355
46 158 0.109792
46 160 0.167769
46 161 0.552842
46 162 0.311916
46 163 0.301384
46 171 0.130248
46 172 0.281581
46 177 0.129207
46 178 0.500000
46 180 0.254314
46 183 0.500000
46 187 1.000000
46 195 0.149723
46 203 0.277941
46 204 0.359866
46 210 0.149723
46 213 0.492989
46 221 0.231383
46 222 0.390589
46 227 0.245966
46 228 0.437658
46 229 0.333333
46 231 0.147645
46 234 0.149723
46 236 0.703568
46 239 0.333333
46 242 0.149723
46 244 0.254314
46 248 0.414649
46 249 0.296432
46 250 0.149723
46 252 0.441298
46 253 0.792394
46 257 0.178578
46 258 0.333333
46 264 0.806645
46 266 0.205738
46 270 0.552842
46 271 0.447158
46 275 0.130451
46 276 0.307409
46 278 0.101663
46 280 0.767404
46 284 0.724909
46 288 0.146199
46 289 0.296399
46 290 0.339242
46 291 0.316725
46 295 0.259060
46 302 1.000000
46 306 0.176617
46 310 0.500000
46 312 0.270169
46 313 0.464666
46 314 0.574361
46 315 0.333510
46 319 0.262771
46 320 0.217221
46 321 0.804068
46 326 0.178578
46 327 0.275091
46 332 0.207606
46 335 0.257040
46 337 0.277619
46 343 0.205738
46 348 0.281309
46 349 0.609411
46 351 0.146199
46 353 0.460884
46 360 0.360127
46 361 0.122804
46 362 0.274461
46 363 0.374858
46 368 0.376488
46 370 0.128123
46 374 0.285213
46 375 0.178578
46 378 0.259060
46 382 0.121470
46 383 0.447159
46 386 0.333333
46 389 0.447159
46 391 0.178577
47 1 0.539901
47 3 0.489588
47 4 0.216095
47 6 0.286578
47 8 0.333333
47 9 0.153316
47 10 0.128024
47 13 0.147287
47 15 0.130634
47 16 0.294472
47 17 0.500777
47 20 0.261419
47 24 0.220968
47 27 0.385804
47 35 0.159407
47 36 0.128024
47 43 0.251198
47 45 0.107551
47 46 0.147652
47 47 0.333333
47 51 0.200066
47 54 0.305291
47 56 0.269880
47 63 0.147287
47 66 0.227464
47 67 0.733244
47 68 0.289495
47 69 0.750146
47 70 0.227008
47 71 0.280314
47 73 0.168549
47 78 0.150000
47 81 0.147287
47 82 0.128024
47 87 0.799934
47 88 0.500777
47 89 0.128024
47 91 0.116164
47 92 0.293933
47 93 0.435343
47 103 0.269880
47 106 0.266792
47 107 0.214119
47 109 0.333333
47 110 0.270396
47 112 0.500000
47 113 0.158134
47 115 0.333333
47 116 0.648660
47 120 0.658298
47 122 0.128024
47 126 0.196792
47 129 0.168549
47 137 0.147287
47 141 0.160980
47 144 0.251198
47 147 0.313945
47 150 0.535302
47 155 0.220968
47 156 0.266792
47 157 0.853726
47 158 0.103933
47 160 0.140619
47 161 0.375510
47 162 0.227008
47 163 0.294472
47 171 0.117123
47 172 0.209275
47 177 0.127999
47 178 0.500000
47 180 0.194708
47 183 0.500000
47 187 1.000000
47 193 0.194708
47 195 0.150000
47 203 0.273917
47 204 0.294260
47 210 0.150000
47 212 0.249854
47 213 0.506190
47 219 0.303299
47 221 0.233112
47 222 0.350140
47 227 0.266350
47 228 0.510412
47 229 0.333333
47 231 0.146274
47 234 0.150000
47 236 0.690576
47 239 0.333333
47 242 0.150000
47 244 0.194708
47 248 0.419300
47 249 0.309424
47 250 0.150000
47 252 0.445770
47 253 0.537132
47 257 0.176518
47 258 0.333333
47 264 0.841866
47 266 0.216095
47 270 0.386732
47 271 0.374635
47 275 0.128217
47 276 0.306783
47 278 0.100000
47 280 0.552324
47 283 0.149914
47 284 0.788265
47 288 0.147287
47 289 0.300000
47 290 0.353191
47 291 0.300000
47 295 0.272179
47 302 1.000000
47 306 0.190360
47 310 0.500000
47 312 0.296668
47 313 0.480309
47 314 0.562578
47 315 0.250806
47 319 0.242412
47 320 0.220968
47 321 0.710502
47 326 0.176518
47 327 0.211735
47 332 0.159569
47 335 0.214119
47 337 0.266756
47 343 0.216095
47 348 0.227008
47 349 0.499946
47 351 0.147287
47 353 0.452943
47 360 0.333333
47 361 0.116279
47 362 0.269880
47 363 0.367952
47 368 0.341702
47 369 0.289495
47 370 0.128024
47 374 0.300000
47 375 0.176518
47 378 0.272179
47 380 0.696701
47 382 0.127922
47 383 0.499223
47 386 0.333333
47 389 0.499223
47 391 0.176518
48 1 0.587658
48 3 0.340905
48 4 0.297013
48 8 0.333333
48 9 0.154050
48 10 0.128071
48 13 0.173718
48 15 0.151378
48 16 0.294281
48 17 0.500000
48 24 0.221100
48 27 0.387269
48 35 0.192196
48 36 0.128071
48 43 0.238755
48 45 0.122617
48 46 0.149382
48 47 0.333333
48 51 0.200000
48 54 0.296554
48 56 0.269754
48 63 0.173718
48 66 0.225462
48 67 0.659187
48 68 0.266667
48 69 0.749955
48 70 0.307873
48 73 0.168350
48 78 0.150000
48 81 0.173718
48 82 0.128071
48 87 0.800000
48 88 0.500000
48 89 0.128071
48 91 0.132358
48 92 0.294281
48 103 0.269754
48 106 0.266667
48 107 0.208781
48 109 0.333292
48 110 0.450494
48 112 0.500000
48 113 0.158100
48 115 0.333292
48 116 0.651145
48 120 0.659187
48 122 0.128071
48 126 0.260775
48 129 0.168350
48 141 0.158119
48 144 0.238755
48 150 0.511250
48 155 0.221100
48 156 0.266667
48 157 0.853973
48 158 0.103505
48 160 0.140781
48 161 0.374977
48 163 0.294281
48 171 0.117158
48 172 0.266667
48 177 0.150999
48 178 0.500000
48 180 0.194654
48 183 0.500000
48 187 1.000000
48 193 0.194654
48 195 0.150000
48 203 0.280862
48 204 0.549506
48 210 0.150000
48 212 0.250045
48 213 0.508667
48 219 0.296242
48 221 0.500000
48 222 0.348336
48 227 0.266667
48 228 0.659095
48 229 0.333333
48 231 0.146027
48 234 0.150000
48 236 0.694900
48 239 0.333333
48 242 0.150000
48 244 0.194654
48 248 0.460847
48 249 0.305100
48 250 0.150000
48 252 0.719138
48 253 0.511594
48 257 0.176148
48 258 0.333333
48 264 0.841900
48 266 0.297013
48 270 0.387269
48 271 0.374977
48 275 0.174211
48 276 0.258292
48 278 0.100003
48 280 0.539620
48 283 0.147652
48 284 0.800000
48 288 0.173718
48 289 0.300032
48 290 0.350553
48 291 0.300032
48 295 0.413636
48 302 1.000000
48 306 0.190737
48 310 0.500000
48 312 0.301111
48 314 0.543901
48 315 0.238755
48 319 0.300972
48 320 0.221100
48 321 0.705652
48 326 0.176148
48 327 0.200000
48 332 0.192164
48 335 0.208781
48 337 0.340813
48 348 0.307768
48 349 0.504013
48 351 0.173718
48 353 0.500000
48 360 0.333416
48 361 0.131412
48 362 0.269754
48 363 0.524817
48 368 0.340813
48 369 0.266667
48 370 0.128071
48 374 0.299932
48 375 0.176148
48 380 0.703758
48 382 0.128071
48 383 0.500000
48 386 0.333333
48 389 0.500000
48 391 0.176148
49 1 0.545895
49 3 0.477268
49 4 0.289795
49 8 0.325549
49 9 0.136682
49 10 0.133672
49 13 0.173941
49 15 0.166647
49 16 0.317770
49 17 0.595671
49 24 0.228869
49 27 0.337326
49 35 0.276752
49 36 0.104497
49 38 0.416710
49 43 0.272011
49 45 0.140750
49 46 0.141574
49 47 0.324774
49 51 0.207583
49 54 0.349726
49 55 0.154825
49 56 0.266251
49 60 0.489654
49 63 0.173941
49 66 0.244147
49 67 0.785537
49 68 0.224899
49 69 0.546359
49 70 0.361479
49 73 0.156696
49 78 0.145122
49 81 0.173941
49 82 0.133672
49 87 0.792417
49 88 0.666667
49 89 0.133672
49 91 0.140311
49 92 0.253718
49 103 0.282176
49 106 0.281262
49 107 0.175551
49 109 0.261965
49 110 0.417633
49 112 0.500000
49 113 0.159287
49 115 0.277367
49 116 0.638997
49 120 0.483533
49 122 0.133672
49 126 0.230581
49 129 0.156696
49 131 0.352044
49 132 0.666667
49 141 0.191606
49 144 0.256699
49 147 0.168781
49 150 0.373521
49 155 0.228869
49 156 0.281262
49 157 0.857026
49 158 0.106305
49 160 0.140407
49 161 0.451456
49 163 0.317770
49 171 0.110743
49 172 0.236157
49 177 0.139349
49 178 0.500000
49 180 0.196521
49 183 0.526421
49 187 0.500000
49 193 0.196521
49 195 0.149727
49 203 0.350015
49 204 0.582347
49 210 0.149727
49 212 0.332280
49 213 0.491736
49 219 0.427889
49 221 0.415610
49 222 0.356053
49 227 0.229893
49 228 0.522713
49 229 0.349678
49 231 0.142974
49 234 0.149727
49 236 0.691165
49 239 0.333333
49 242 0.149727
49 244 0.196521
49 248 0.332562
49 249 0.308835
49 250 0.149727
49 252 0.649985
49 253 0.427889
49 257 0.171602
49 258 0.333333
49 264 0.840713
49 266 0.289795
49 270 0.418527
49 271 0.216264
49 275 0.172554
49 276 0.317423
49 278 0.106242
49 280 0.519253
49 283 0.173076
49 284 0.488735
49 288 0.173941
49 289 0.308833
49 290 0.367856
49 291 0.365815
49 293 0.284193
49 295 0.430218
49 297 0.619403
49 302 1.000000
49 306 0.169397
49 310 0.473579
49 312 0.276079
49 314 0.551812
49 315 0.164332
49 317 0.500000
49 319 0.288112
49 320 0.228869
49 321 0.449555
49 326 0.181283
49 327 0.159221
49 332 0.144222
49 335 0.182335
49 337 0.214463
49 348 0.217547
49 349 0.470871
49 351 0.173941
49 353 0.415610
49 360 0.460668
49 361 0.130295
49 362 0.282176
49 363 0.539332
49 368 0.265293
49 369 0.224899
49 370 0.133672
49 374 0.219110
49 375 0.181283
49 380 0.478792
49 382 0.120839
49 383 0.404329
49 386 0.333333
49 389 0.333333
49 391 0.181283
49 392 0.251169
50 1 0.529354
50 4 0.263355
50 8 0.332687
50 9 0.138695
50 10 0.154546
50 13 0.174564
50 15 0.222407
50 16 0.369440
50 17 0.667201
50 24 0.210045
50 27 0.351838
50 35 0.259130
50 36 0.140236
50 38 0.522299
50 45 0.130621
50 46 0.163332
50 47 0.298014
50 51 0.213015
50 54 0.425189
50 55 0.176221
50 56 0.219866
50 60 0.391528
50 63 0.174564
50 66 0.288142
50 67 0.734741
50 68 0.198879
50 69 0.683823
50 70 0.464324
50 73 0.184932
50 78 0.132993
50 81 0.174564
50 82 0.154546
50 87 0.786985
50 88 0.667375
50 89 0.154546
50 91 0.189396
50 92 0.237369
50 103 0.289312
50 106 0.292070
50 107 0.155941
50 109 0.218516
50 110 0.519609
50 112 0.500000
50 113 0.159318
50 115 0.286978
50 120 0.646108
50 122 0.154546
50 126 0.273225
50 129 0.184932
50 131 0.295512
50 132 0.663152
50 141 0.214943
50 144 0.341973
50 147 0.164507
50 150 0.315680
50 155 0.210045
50 156 0.292070
50 157 0.849804
50 158 0.116213
50 160 0.143445
50 161 0.497607
50 163 0.285666
50 171 0.107525
50 172 0.254035
50 177 0.153273
50 178 0.500000
50 180 0.196571
50 183 0.627581
50 187 0.999959
50 193 0.196571
50 195 0.155583
50 203 0.369187
50 204 0.480386
50 210 0.155583
50 212 0.284444
50 213 0.530765
50 219 0.662547
50 221 0.417747
50 222 0.317927
50 227 0.202845
50 228 0.683823
50 229 0.369296
50 231 0.150196
50 234 0.155583
50 239 0.333333
50 242 0.138478
50 244 0.196571
50 248 0.298863
50 249 0.400843
50 250 0.155583
50 252 0.630813
50 257 0.213338
50 258 0.333333
50 264 0.840682
50 266 0.263355
50 270 0.360013
50 271 0.217949
50 275 0.172526
50 276 0.331951
50 278 0.106198
50 280 0.468464
50 283 0.171864
50 284 0.532501
50 288 0.174564
50 289 0.334573
50 290 0.325789
50 291 0.334573
50 293 0.271372
50 295 0.331842
50 297 0.535826
50 302 1.000000
50 306 0.201510
50 310 0.372419
50 312 0.356283
50 314 0.445884
50 315 0.246224
50 319 0.359359
50 320 0.210045
50 321 0.575297
50 326 0.236567
50 327 0.171987
50 332 0.276546
50 335 0.187936
50 337 0.265259
50 349 0.510209
50 351 0.174564
50 353 0.417747
50 360 0.494506
50 361 0.127180
50 362 0.289312
50 363 0.468114
50 369 0.198879
50 374 0.224656
50 380 0.337453
50 382 0.125366
50 383 0.332799
50 386 0.333333
50 389 0.332625
50 391 0.236567
50 392 0.353892
