1 520 0.666667
1 524 0.250000
1 527 0.529978
1 16 0.500000
1 23 0.499319
1 25 0.666667
1 540 0.666667
1 37 0.198362
1 38 0.499999
1 552 0.361349
1 554 0.377878
1 8 0.339043
1 57 0.479888
1 58 1.000000
1 62 0.293189
1 72 0.256025
1 585 0.400000
1 75 0.328932
1 78 0.400000
1 83 0.318367
1 597 0.500000
1 600 0.252403
1 90 0.301365
1 15 0.169403
1 93 0.646385
1 94 0.153813
1 103 0.710665
1 105 0.411278
1 620 0.289335
1 623 0.386350
1 115 0.698635
1 631 0.386350
1 120 0.229040
1 633 0.333333
1 126 0.167171
1 133 0.638651
1 648 0.320281
1 108 0.666667
1 650 0.375000
1 139 0.339043
1 140 0.353615
1 654 0.537408
1 146 0.500000
1 111 0.552141
1 156 0.999929
1 671 0.390445
1 168 0.400000
1 685 0.242790
1 175 0.252403
1 182 0.718429
1 190 0.500000
1 196 0.520654
1 711 0.247384
1 722 0.389721
1 221 0.312097
1 228 0.333333
1 742 0.390360
1 241 0.333333
1 252 0.622122
1 42 0.743975
1 256 0.252403
1 472 0.500000
1 280 0.500001
1 803 1.000000
1 804 0.500000
1 305 0.247384
1 819 0.377877
1 820 0.453349
1 316 0.390445
1 838 0.520112
1 844 0.646385
1 341 0.500000
1 857 0.257317
1 352 0.514463
1 369 0.227300
1 883 0.312097
1 884 0.229040
1 888 0.219110
1 377 0.468309
1 890 0.333333
1 382 0.750000
1 899 0.353615
1 394 0.321914
1 909 0.168657
1 918 0.229040
1 417 0.671068
1 420 0.220559
1 933 0.400000
1 423 0.375000
1 438 0.411278
1 441 0.281571
1 955 0.500000
1 960 0.159065
1 968 0.544321
1 981 0.200000
1 984 0.500000
1 988 0.333333
1 998 0.389721
1 490 0.177444
1 85 0.500000
2 517 0.172364
2 520 0.324982
2 87 0.436763
2 524 0.290073
2 527 0.328044
2 16 0.333333
2 19 0.329964
2 21 0.262994
2 23 0.288715
2 25 0.375237
2 540 0.211213
2 602 0.618271
2 31 0.294799
2 37 0.103480
2 38 0.333333
2 552 0.134463
2 554 0.217221
2 47 0.316164
2 8 0.149523
2 155 0.122745
2 57 0.279249
2 58 1.000000
2 573 0.343663
2 62 0.144847
2 576 0.140930
2 72 0.267921
2 585 0.178643
2 75 0.167112
2 588 0.138966
2 78 0.240467
2 83 0.282129
2 597 0.323170
2 599 0.079508
2 600 0.235290
2 90 0.235171
2 15 0.088635
2 93 0.277455
2 94 0.111901
2 103 0.253174
2 616 0.211213
2 105 0.347435
2 620 0.305214
2 623 0.469808
2 115 0.442450
2 117 0.236977
2 631 0.211259
2 120 0.135928
2 633 0.361769
2 126 0.114247
2 533 0.277455
2 133 0.256903
2 648 0.138665
2 108 0.638231
2 650 0.203314
2 139 0.243919
2 140 0.167634
2 785 0.333333
2 654 0.146837
2 144 0.224298
2 146 0.350523
2 151 0.237369
2 154 0.183941
2 111 0.451554
2 156 0.647579
2 671 0.166730
2 673 0.114247
2 678 0.248093
2 167 0.148545
2 168 0.237108
2 683 0.467005
2 159 0.162254
2 685 0.156266
2 175 0.235290
2 180 0.322379
2 182 0.204967
2 40 0.335502
2 696 0.157859
2 697 0.332382
2 799 0.379833
2 190 0.333333
2 815 0.187982
2 194 0.265486
2 196 0.272691
2 711 0.088044
2 717 0.195436
2 718 0.327511
2 720 0.352417
2 722 0.318025
2 121 0.166730
2 216 0.114247
2 292 0.312674
2 221 0.177525
2 735 0.332956
2 228 0.333333
2 742 0.423515
2 743 0.148503
2 748 0.084530
2 239 0.161884
2 241 0.333333
2 756 0.177525
2 252 0.624920
2 42 0.273164
2 254 0.288715
2 255 0.211355
2 256 0.235290
2 929 0.156256
2 537 0.150283
2 773 0.580780
2 263 0.395383
2 267 0.150770
2 271 0.631009
2 472 0.324933
2 787 0.181329
2 280 0.333333
2 283 0.400920
2 287 0.333333
2 803 0.531070
2 804 0.170606
2 296 0.116243
2 303 0.606509
2 305 0.085023
2 819 0.350058
2 820 0.394042
2 564 0.268188
2 316 0.131883
2 317 0.821357
2 832 0.220535
2 322 0.290073
2 324 0.352421
2 838 0.327511
2 329 0.324982
2 844 0.268188
2 845 0.441612
2 338 0.236735
2 341 0.238318
2 569 0.459538
2 856 0.114247
2 857 0.152241
2 346 0.203352
2 860 0.606509
2 349 0.156573
2 352 0.279249
2 353 0.128498
2 872 0.244922
2 873 0.526851
2 387 0.137865
2 658 0.256903
2 878 0.318063
2 369 0.170388
2 883 0.156514
2 884 0.164480
2 888 0.132916
2 377 0.350058
2 890 0.333333
2 379 0.242136
2 382 0.709927
2 895 0.279249
2 899 0.268188
2 406 0.238318
2 903 0.318025
2 904 0.344978
2 394 0.183345
2 909 0.108739
2 915 0.282129
2 918 0.115144
2 410 0.112265
2 924 0.543474
2 922 0.248093
2 417 0.335502
2 419 0.729263
2 420 0.186603
2 933 0.228297
2 423 0.172364
2 424 0.178292
2 426 0.191455
2 432 0.215906
2 438 0.222399
2 901 0.265160
2 441 0.439784
2 442 0.088044
2 955 0.406009
2 960 0.121638
2 450 0.137492
2 455 0.393491
2 968 0.248093
2 973 0.277455
2 466 0.356775
2 981 0.142593
2 470 0.204966
2 984 0.185593
2 985 0.115144
2 988 0.128014
2 994 0.166730
2 995 0.328046
2 998 0.177347
2 490 0.117492
2 496 0.406009
2 498 0.162615
2 595 0.115650
2 85 0.519609
3 2 0.082211
3 517 0.162693
3 520 0.154995
3 172 0.126042
3 87 0.265681
3 524 0.196471
3 527 0.260877
3 16 0.126066
3 529 0.367405
3 19 0.249232
3 21 0.125275
3 22 0.142046
3 23 0.214411
3 25 0.240771
3 539 0.283239
3 540 0.122942
3 602 0.398544
3 31 0.294210
3 35 0.099190
3 37 0.087545
3 38 0.178521
3 552 0.166457
3 554 0.154051
3 556 0.183866
3 45 0.275710
3 307 0.512637
3 47 0.162637
3 8 0.099543
3 562 0.137656
3 155 0.084321
3 606 0.103142
3 567 0.124167
3 57 0.177272
3 58 0.261498
3 60 0.186088
3 573 0.196432
3 62 0.108697
3 576 0.086553
3 667 0.168463
3 71 0.263826
3 72 0.282504
3 585 0.145512
3 74 0.312534
3 75 0.096402
3 588 0.118325
3 78 0.214112
3 781 0.209363
3 83 0.168367
3 597 0.221674
3 599 0.074896
3 600 0.261506
3 89 0.352107
3 90 0.126417
3 15 0.078001
3 93 0.231091
3 94 0.123582
3 613 0.123230
3 101 0.232501
3 103 0.170460
3 616 0.122942
3 105 0.114556
3 107 0.140702
3 620 0.261357
3 623 0.268444
3 624 0.404383
3 115 0.144807
3 117 0.252576
3 630 0.127880
3 631 0.133300
3 120 0.114409
3 633 0.197432
3 122 0.195831
3 126 0.099478
3 533 0.258578
3 128 0.157670
3 643 0.132983
3 133 0.230718
3 646 0.319913
3 648 0.143095
3 108 0.390851
3 650 0.187232
3 139 0.160960
3 140 0.164086
3 785 0.436967
3 654 0.138833
3 144 0.131109
3 146 0.192303
3 662 0.117811
3 151 0.139112
3 154 0.145512
3 111 0.283381
3 156 0.364913
3 670 0.084412
3 671 0.157681
3 673 0.131084
3 675 0.184146
3 677 0.195510
3 678 0.193152
3 167 0.117518
3 168 0.196210
3 534 0.123623
3 683 0.298223
3 159 0.198537
3 685 0.103142
3 174 0.328710
3 175 0.154662
3 689 0.169470
3 178 0.202177
3 627 0.504275
3 180 0.141848
3 182 0.260877
3 40 0.159447
3 696 0.086450
3 697 0.185673
3 799 0.167503
3 190 0.436967
3 815 0.165145
3 194 0.257181
3 196 0.127750
3 711 0.087246
3 712 0.278522
3 204 0.521330
3 717 0.299677
3 718 0.218094
3 720 0.260877
3 722 0.179212
3 723 0.114555
3 206 0.270384
3 121 0.147546
3 216 0.076575
3 292 0.169470
3 730 0.378544
3 731 0.260877
3 221 0.165059
3 735 0.196824
3 962 0.298764
3 228 0.283339
3 742 0.292428
3 743 0.139112
3 380 0.293014
3 234 0.172205
3 748 0.083511
3 239 0.116482
3 241 0.278564
3 467 0.082074
3 756 0.228186
3 249 0.845005
3 762 0.234300
3 252 0.375971
3 42 0.257463
3 254 0.252133
3 255 0.141913
3 256 0.247951
3 929 0.185411
3 258 0.159447
3 537 0.145512
3 773 0.330290
3 262 0.287559
3 263 0.192618
3 267 0.097310
3 5 0.424445
3 270 0.317899
3 271 0.400260
3 472 0.221674
3 787 0.174691
3 788 0.123083
3 217 0.137302
3 280 0.308554
3 283 0.190242
3 284 0.301450
3 285 0.269831
3 286 0.098994
3 287 0.308160
3 803 0.249232
3 804 0.242950
3 817 0.210822
3 296 0.093410
3 301 0.169930
3 303 0.238777
3 304 0.245273
3 305 0.107379
3 819 0.268774
3 820 0.194257
3 822 0.245024
3 824 0.400469
3 564 0.310868
3 826 0.140808
3 223 0.132798
3 316 0.115972
3 317 0.463345
3 832 0.193107
3 322 0.251426
3 324 0.255389
3 838 0.157118
3 329 0.233143
3 844 0.141878
3 845 0.152452
3 334 0.232909
3 338 0.391835
3 341 0.138026
3 569 0.177533
3 856 0.130120
3 857 0.162432
3 346 0.124062
3 859 0.275935
3 860 0.555714
3 349 0.126900
3 863 0.214515
3 352 0.232432
3 353 0.111929
3 866 0.229335
3 867 0.101487
3 230 0.184688
3 872 0.122625
3 873 0.336397
3 387 0.129596
3 658 0.242411
3 878 0.274204
3 367 0.201288
3 634 0.165884
3 369 0.166510
3 883 0.191709
3 884 0.162560
3 886 0.383528
3 745 0.089975
3 888 0.116759
3 377 0.258634
3 890 0.438097
3 379 0.172913
3 166 0.151245
3 183 0.189616
3 382 0.255592
3 895 0.258959
3 386 0.096630
3 899 0.247576
3 406 0.138026
3 903 0.136390
3 904 0.157264
3 394 0.149551
3 395 0.174429
3 909 0.131084
3 399 0.241011
3 912 0.126670
3 915 0.284442
3 918 0.108382
3 921 0.101942
3 410 0.118451
3 924 0.520790
3 922 0.193152
3 415 0.177416
3 416 0.160292
3 417 0.140808
3 418 0.147293
3 419 0.599531
3 420 0.153177
3 933 0.144324
3 422 0.139112
3 423 0.162693
3 424 0.203536
3 426 0.270891
3 413 0.118771
3 432 0.203131
3 946 0.181430
3 499 0.112206
3 438 0.099520
3 901 0.141933
3 441 0.257712
3 442 0.075521
3 955 0.418192
3 666 0.132773
3 958 0.134490
3 960 0.122378
3 450 0.087094
3 455 0.235595
3 968 0.162432
3 76 0.188261
3 973 0.346245
3 463 0.204766
3 466 0.271980
3 979 0.102199
3 981 0.116988
3 470 0.260877
3 471 0.151191
3 984 0.181886
3 985 0.108382
3 988 0.080468
3 989 0.445489
3 994 0.157784
3 995 0.154442
3 484 0.080407
3 997 0.260996
3 998 0.137768
3 487 0.260877
3 490 0.097247
3 493 0.139112
3 496 0.297892
3 498 0.136152
3 595 0.074206
3 136 0.122942
3 85 0.294569
4 2 0.082049
4 3 0.087012
4 5 0.176937
4 8 0.082411
4 9 0.165362
4 13 0.196433
4 15 0.056397
4 16 0.123844
4 19 0.251694
4 21 0.124211
4 22 0.135123
4 23 0.240217
4 25 0.187679
4 31 0.170578
4 32 0.142571
4 35 0.089098
4 37 0.090906
4 38 0.223313
4 40 0.145491
4 42 0.253420
4 45 0.109941
4 47 0.114578
4 50 0.270254
4 51 0.219977
4 57 0.121936
4 58 0.275909
4 60 0.278884
4 62 0.093014
4 69 0.327928
4 71 0.194222
4 72 0.298390
4 74 0.259327
4 75 0.080906
4 76 0.122800
4 78 0.141172
4 81 0.109964
4 83 0.158228
4 85 0.189395
4 87 0.250577
4 89 0.182403
4 90 0.096236
4 93 0.205508
4 94 0.112213
4 101 0.125940
4 103 0.142769
4 105 0.108290
4 107 0.101904
4 108 0.302772
4 111 0.183934
4 115 0.181214
4 117 0.168988
4 120 0.106088
4 121 0.102262
4 122 0.147491
4 124 0.262586
4 126 0.080356
4 128 0.147508
4 133 0.201539
4 136 0.103365
4 137 0.106556
4 139 0.135100
4 140 0.138413
4 144 0.113317
4 146 0.192344
4 151 0.116629
4 154 0.186307
4 155 0.066589
4 156 0.277994
4 157 0.116469
4 159 0.129608
4 160 0.210749
4 166 0.153097
4 167 0.136450
4 168 0.240181
4 172 0.103914
4 174 0.410151
4 175 0.139698
4 176 0.126796
4 177 0.214605
4 178 0.232229
4 180 0.113423
4 182 0.109865
4 183 0.181212
4 188 0.155137
4 189 0.124975
4 190 0.219753
4 191 0.157311
4 193 0.116337
4 194 0.213782
4 196 0.128377
4 201 0.181702
4 204 0.235370
4 206 0.173648
4 214 0.135148
4 216 0.078186
4 217 0.105201
4 219 0.228479
4 221 0.142704
4 223 0.153495
4 224 0.110733
4 227 0.133839
4 228 0.170668
4 229 0.211309
4 230 0.145406
4 232 0.189219
4 233 0.121825
4 234 0.124042
4 239 0.082899
4 240 0.128584
4 241 0.172015
4 249 0.323459
4 252 0.182847
4 254 0.195288
4 255 0.136368
4 256 0.184331
4 258 0.146476
4 262 0.222309
4 263 0.115631
4 264 0.188455
4 267 0.077245
4 270 0.365181
4 271 0.407952
4 280 0.383307
4 283 0.193917
4 284 0.221399
4 285 0.176157
4 286 0.100051
4 287 0.222888
4 288 0.081820
4 292 0.125545
4 296 0.099859
4 301 0.083941
4 303 0.232229
4 304 0.171810
4 305 0.072000
4 307 0.312457
4 310 0.106708
4 316 0.129558
4 317 0.549364
4 322 0.202276
4 324 0.223942
4 329 0.139579
4 332 0.141553
4 334 0.129861
4 338 0.142786
4 341 0.066506
4 346 0.093758
4 349 0.136750
4 351 0.096532
4 352 0.137251
4 353 0.090842
4 358 0.158576
4 361 0.164422
4 365 0.139756
4 367 0.188183
4 369 0.124042
4 371 0.168363
4 374 0.128822
4 376 0.092402
4 377 0.271584
4 378 0.097858
4 379 0.133048
4 380 0.328945
4 382 0.289465
4 383 0.201306
4 386 0.092079
4 387 0.109917
4 394 0.203990
4 395 0.111905
4 399 0.172916
4 403 0.068900
4 406 0.100084
4 410 0.105306
4 413 0.170187
4 415 0.144690
4 416 0.164529
4 417 0.100769
4 418 0.191022
4 419 0.233741
4 420 0.098208
4 422 0.138262
4 423 0.101190
4 424 0.164677
4 426 0.109808
4 429 0.192344
4 431 0.299812
4 432 0.188839
4 438 0.101962
4 441 0.172499
4 442 0.055536
4 445 0.111435
4 450 0.061445
4 455 0.133502
4 458 0.073246
4 462 0.105392
4 463 0.170492
4 464 0.086088
4 466 0.225437
4 467 0.086666
4 470 0.095752
4 471 0.156234
4 472 0.212600
4 476 0.203205
4 480 0.097570
4 484 0.061871
4 487 0.129260
4 489 0.116172
4 490 0.080242
4 493 0.138262
4 496 0.149218
4 498 0.135922
4 499 0.104179
4 504 0.122978
4 505 0.166906
4 516 0.051918
4 517 0.101190
4 518 0.181702
4 520 0.123419
4 524 0.095556
4 526 0.239806
4 527 0.129878
4 529 0.463476
4 531 0.231143
4 533 0.170932
4 534 0.093825
4 536 0.326986
4 537 0.089568
4 539 0.324445
4 540 0.121255
4 546 0.149385
4 552 0.223009
4 554 0.137605
4 556 0.219248
4 562 0.123462
4 563 0.299813
4 564 0.251155
4 567 0.106727
4 569 0.167537
4 573 0.194490
4 576 0.085887
4 585 0.149049
4 586 0.129990
4 588 0.087730
4 595 0.071662
4 597 0.212600
4 599 0.077294
4 600 0.184458
4 602 0.287831
4 604 0.189395
4 606 0.116105
4 609 0.083056
4 613 0.131393
4 616 0.121254
4 620 0.137254
4 623 0.237334
4 624 0.295205
4 627 0.468700
4 630 0.098037
4 631 0.148544
4 632 0.183934
4 633 0.210713
4 634 0.187220
4 635 0.216310
4 643 0.095113
4 646 0.189219
4 648 0.150510
4 650 0.115428
4 653 0.200620
4 654 0.134110
4 657 0.090637
4 658 0.201695
4 659 0.124900
4 662 0.090145
4 666 0.159523
4 667 0.159415
4 670 0.088051
4 671 0.127549
4 673 0.097858
4 675 0.179110
4 677 0.177685
4 678 0.130491
4 679 0.257001
4 683 0.157893
4 685 0.116105
4 689 0.129046
4 696 0.090753
4 697 0.123022
4 704 0.131325
4 707 0.078775
4 711 0.067270
4 712 0.199174
4 714 0.373989
4 716 0.148707
4 717 0.251154
4 718 0.137964
4 720 0.196379
4 722 0.139201
4 723 0.068874
4 726 0.081183
4 730 0.310262
4 731 0.211309
4 734 0.071559
4 735 0.179715
4 739 0.177231
4 742 0.240504
4 743 0.091104
4 745 0.091871
4 748 0.049761
4 750 0.076439
4 752 0.285085
4 756 0.214287
4 762 0.165519
4 772 0.115869
4 773 0.167485
4 781 0.224131
4 785 0.219753
4 787 0.217840
4 788 0.111392
4 799 0.135582
4 800 0.262874
4 803 0.180815
4 804 0.136274
4 806 0.065519
4 813 0.395413
4 815 0.239941
4 817 0.146985
4 818 0.152301
4 819 0.157014
4 820 0.201976
4 822 0.216655
4 824 0.156421
4 826 0.100769
4 832 0.165356
4 834 0.081639
4 835 0.206931
4 838 0.096254
4 843 0.100139
4 844 0.124749
4 845 0.097349
4 856 0.077054
4 857 0.105711
4 859 0.183741
4 860 0.471085
4 863 0.242769
4 866 0.163506
4 867 0.088091
4 870 0.109210
4 872 0.200526
4 873 0.180334
4 878 0.318080
4 883 0.171465
4 884 0.162326
4 886 0.190772
4 888 0.118653
4 890 0.231041
4 891 0.187952
4 895 0.169680
4 896 0.393214
4 899 0.256605
4 900 0.080092
4 901 0.230024
4 903 0.118306
4 904 0.164529
4 909 0.075347
4 910 0.164526
4 912 0.111579
4 913 0.319365
4 915 0.244241
4 918 0.105646
4 921 0.187745
4 922 0.175918
4 923 0.117385
4 924 0.285009
4 929 0.156827
4 932 0.104229
4 933 0.104670
4 934 0.116627
4 937 0.333608
4 941 0.113243
4 945 0.172357
4 946 0.200136
4 952 0.115855
4 955 0.177766
4 958 0.146509
4 959 0.066339
4 960 0.108439
4 962 0.182425
4 968 0.174953
4 973 0.171852
4 979 0.093434
4 981 0.092211
4 984 0.128550
4 985 0.105646
4 988 0.062705
4 989 0.166667
4 993 0.177190
4 994 0.102033
4 995 0.104880
4 997 0.181144
4 998 0.106132
5 1 0.163781
5 2 0.088333
5 3 0.069496
5 5 0.143588
5 7 0.087967
5 8 0.108031
5 9 0.113457
5 13 0.209179
5 15 0.045771
5 16 0.104385
5 19 0.135826
5 20 0.088616
5 21 0.119552
5 22 0.086494
5 23 0.147116
5 25 0.144318
5 31 0.110640
5 32 0.083070
5 35 0.074472
5 37 0.099567
5 38 0.269441
5 40 0.121518
5 42 0.164348
5 44 0.096153
5 45 0.087999
5 47 0.107562
5 50 0.179944
5 51 0.125775
5 57 0.127163
5 58 0.346318
5 60 0.224081
5 62 0.077173
5 65 0.170216
5 66 0.469504
5 68 0.084833
5 69 0.341919
5 71 0.162057
5 72 0.116004
5 74 0.325252
5 75 0.069682
5 76 0.095088
5 78 0.127035
5 81 0.133473
5 82 0.124266
5 83 0.141461
5 85 0.135074
5 86 0.100129
5 87 0.185808
5 89 0.116574
5 90 0.082852
5 91 0.078623
5 93 0.206712
5 94 0.118183
5 101 0.119228
5 103 0.138572
5 105 0.078467
5 107 0.098461
5 108 0.208653
5 110 0.144845
5 111 0.165092
5 112 0.190148
5 115 0.214407
5 117 0.137421
5 118 0.102920
5 120 0.104962
5 121 0.074189
5 122 0.078782
5 124 0.166775
5 126 0.078211
5 128 0.124443
5 133 0.168158
5 136 0.111370
5 137 0.097023
5 139 0.183372
5 140 0.105285
5 144 0.080964
5 146 0.153589
5 148 0.161866
5 151 0.131362
5 154 0.174242
5 155 0.060197
5 156 0.110579
5 157 0.080603
5 158 0.123772
5 159 0.129760
5 160 0.183452
5 166 0.219190
5 167 0.089732
5 168 0.241860
5 172 0.097544
5 174 0.288784
5 175 0.116675
5 176 0.124012
5 177 0.103722
5 178 0.211824
5 180 0.119507
5 182 0.108545
5 183 0.142645
5 188 0.171234
5 189 0.099586
5 190 0.263123
5 191 0.087215
5 193 0.102334
5 194 0.155310
5 196 0.104643
5 201 0.104338
5 203 0.250440
5 204 0.105012
5 206 0.151859
5 207 0.239532
5 214 0.161019
5 216 0.061453
5 217 0.090308
5 219 0.155174
5 221 0.102996
5 223 0.110735
5 224 0.096628
5 227 0.128267
5 228 0.094439
5 229 0.136653
5 230 0.122178
5 232 0.128364
5 233 0.128017
5 234 0.129197
5 237 0.140095
5 239 0.079546
5 240 0.098477
5 241 0.087538
5 249 0.179953
5 252 0.148279
5 254 0.127338
5 255 0.105738
5 256 0.162424
5 258 0.121518
5 259 0.157263
5 262 0.135176
5 263 0.062168
5 264 0.183870
5 266 0.148547
5 267 0.073007
5 270 0.224697
5 271 0.307968
5 273 0.085312
5 280 0.267746
5 283 0.161695
5 284 0.238080
5 285 0.159248
5 286 0.082069
5 287 0.274459
5 288 0.087991
5 289 0.280778
5 292 0.095007
5 296 0.097073
5 301 0.099408
5 303 0.124175
5 304 0.163472
5 305 0.061825
5 307 0.286828
5 308 0.119768
5 310 0.117280
5 312 0.109599
5 315 0.088419
5 316 0.126878
5 317 0.273340
5 322 0.182368
5 324 0.118275
5 329 0.137289
5 331 0.149413
5 332 0.135234
5 334 0.139283
5 336 0.118682
5 338 0.133376
5 340 0.083288
5 341 0.070228
5 344 0.095406
5 346 0.107613
5 348 0.177250
5 349 0.164925
5 351 0.076198
5 352 0.138759
5 353 0.082760
5 358 0.109756
5 360 0.140241
5 361 0.138978
5 365 0.079877
5 367 0.111263
5 369 0.097614
5 370 0.087530
5 371 0.097725
5 374 0.093654
5 376 0.072870
5 377 0.333086
5 378 0.061437
5 379 0.119221
5 380 0.238225
5 382 0.121588
5 383 0.154350
5 386 0.091376
5 387 0.119711
5 390 0.105388
5 394 0.182153
5 395 0.091802
5 399 0.148343
5 402 0.041115
5 403 0.062416
5 406 0.078352
5 408 0.052827
5 410 0.080397
5 411 0.146765
5 413 0.118797
5 415 0.115540
5 416 0.140727
5 417 0.097970
5 418 0.149273
5 419 0.184843
5 420 0.099079
5 422 0.117795
5 423 0.112302
5 424 0.170478
5 425 0.097632
5 426 0.106302
5 429 0.153589
5 430 0.074554
5 431 0.234296
5 432 0.112645
5 434 0.080386
5 438 0.096120
5 441 0.137714
5 442 0.051710
5 445 0.090368
5 448 0.068842
5 450 0.067603
5 455 0.099013
5 458 0.076845
5 462 0.090337
5 463 0.188354
5 464 0.082680
5 466 0.146848
5 467 0.070979
5 468 0.188749
5 469 0.090547
5 470 0.082531
5 471 0.078987
5 472 0.162896
5 476 0.152113
5 479 0.240590
5 480 0.068979
5 484 0.054586
5 487 0.121767
5 489 0.104262
5 490 0.083862
5 493 0.112568
5 495 0.098418
5 496 0.114125
5 497 0.159795
5 498 0.129450
5 499 0.138467
5 504 0.122481
5 505 0.088920
5 509 0.148237
5 511 0.084212
5 516 0.048360
5 517 0.112302
5 518 0.188188
5 519 0.075497
5 520 0.119092
5 524 0.067604
5 526 0.270104
5 527 0.081572
5 529 0.351447
5 531 0.112702
5 533 0.180112
5 534 0.077665
5 536 0.388506
5 537 0.084165
5 538 0.096877
5 539 0.332848
5 540 0.115009
5 542 0.244404
5 546 0.139127
5 552 0.169547
5 554 0.183939
5 556 0.142593
5 560 0.147814
5 562 0.125195
5 563 0.234296
5 564 0.149482
5 567 0.105116
5 569 0.137563
5 573 0.163456
5 576 0.067787
5 581 0.111108
5 585 0.114672
5 586 0.104865
5 588 0.070427
5 591 0.065281
5 595 0.082877
5 597 0.150372
5 599 0.092829
5 600 0.098636
5 602 0.201392
5 604 0.126348
5 606 0.111666
5 609 0.120651
5 610 0.183949
5 611 0.074641
5 613 0.165970
5 616 0.070146
5 620 0.083630
5 623 0.137466
5 624 0.190790
5 627 0.221318
5 630 0.116973
5 631 0.111462
5 632 0.190874
5 633 0.181942
5 634 0.199045
5 635 0.176011
5 643 0.087355
5 644 0.112017
5 646 0.173158
5 648 0.093381
5 650 0.117078
5 653 0.170734
5 654 0.087775
5 657 0.095379
5 658 0.122114
5 659 0.096771
5 661 0.095075
5 662 0.074456
5 665 0.135182
5 666 0.185620
5 667 0.165090
5 670 0.104396
5 671 0.105080
5 673 0.067707
5 675 0.165508
5 677 0.188887
5 678 0.129026
5 679 0.111108
5 680 0.076063
5 683 0.132443
5 685 0.111666
5 689 0.087789
5 695 0.176097
5 696 0.110199
5 697 0.097594
5 703 0.064594
5 704 0.099606
5 706 0.249893
5 707 0.073926
5 709 0.240786
5 710 0.086815
5 711 0.051728
5 712 0.187511
5 714 0.243192
5 715 0.159114
5 716 0.076063
5 717 0.231432
5 718 0.111522
5 720 0.159465
5 722 0.087528
5 723 0.063516
5 724 0.131489
5 726 0.077066
5 728 0.097728
5 730 0.124602
5 731 0.136653
5 732 0.234169
5 734 0.062642
5 735 0.151573
5 737 0.259189
5 739 0.163049
5 742 0.153708
5 743 0.074859
5 745 0.064137
5 746 0.284782
5 748 0.044192
5 750 0.058808
5 752 0.124266
5 756 0.181367
5 759 0.078649
5 760 0.121371
5 762 0.201216
5 763 0.135074
5 766 0.135737
5 771 0.076615
5 772 0.101486
5 773 0.150971
5 781 0.177250
5 784 0.140739
5 785 0.263123
5 787 0.143064
5 788 0.094673
5 790 0.224501
5 793 0.092947
5 799 0.166321
5 800 0.170739
5 803 0.091291
5 804 0.138975
5 806 0.066602
5 813 0.252564
5 815 0.219109
5 817 0.126450
5 818 0.179841
5 819 0.187029
5 820 0.092455
5 822 0.229909
5 824 0.154516
5 825 0.162117
5 826 0.097970
5 830 0.094438
5 831 0.082085
5 832 0.118921
5 834 0.080842
5 835 0.145990
5 838 0.111440
5 839 0.065907
5 843 0.102940
5 844 0.171775
5 845 0.078795
5 852 0.149137
5 856 0.061649
5 857 0.075916
5 859 0.176837
5 860 0.255472
5 863 0.199394
5 865 0.061825
5 866 0.135074
5 867 0.070566
5 870 0.108137
5 872 0.162833
5 873 0.183452
5 878 0.205759
5 879 0.081944
5 880 0.312442
5 882 0.108359
5 883 0.154326
5 884 0.148367
5 886 0.225825
5 888 0.103483
5 890 0.126206
5 891 0.193786
5 895 0.196297
5 896 0.412433
5 899 0.154830
5 900 0.088623
5 901 0.219767
5 903 0.102404
5 904 0.180469
5 909 0.054671
5 910 0.145475
5 912 0.110164
5 913 0.135078
5 915 0.127317
5 918 0.085946
5 921 0.196897
5 922 0.217597
5 923 0.084737
5 924 0.332419
5 927 0.095154
5 928 0.071616
5 929 0.126558
5 930 0.084583
5 932 0.068826
5 933 0.101934
5 934 0.109867
5 935 0.117176
5 937 0.147330
5 938 0.173204
5 941 0.130201
5 945 0.127580
5 946 0.121222
5 952 0.118682
5 955 0.122335
5 957 0.151862
5 958 0.123877
5 959 0.060696
5 960 0.105328
5 961 0.163359
5 962 0.193773
5 965 0.096679
5 968 0.238364
5 973 0.167997
5 974 0.119830
5 979 0.089677
5 980 0.069893
5 981 0.082651
5 984 0.088168
5 985 0.085946
5 986 0.168395
5 988 0.064826
5 989 0.111147
5 991 0.154279
5 993 0.177480
5 994 0.097029
5 995 0.071040
5 996 0.086777
5 997 0.128377
5 998 0.116134
